  -19.300     0.000  -1.106319   0.086052   0.015924   0.101976   0.000000   0.000000   0.293607   0.000000  -0.000000   41.0000     0.6496
  -19.200     0.000  -1.100117   0.085159   0.015530   0.100689   0.000000   0.000000   0.291477   0.000000  -0.000000   41.0000     0.6486
  -19.100     0.000  -1.093955   0.084191   0.015186   0.099377   0.000000   0.000000   0.289365   0.000000  -0.000000   41.0000     0.6476
  -19.000     0.000  -1.087455   0.083192   0.014891   0.098083   0.000000   0.000000   0.287131   0.000000  -0.000000   41.0000     0.6465
  -18.900     0.000  -1.080929   0.082181   0.014607   0.096788   0.000000   0.000000   0.284888   0.000000  -0.000000   41.0000     0.6453
  -18.800     0.000  -1.074232   0.081153   0.014356   0.095509   0.000000   0.000000   0.282574   0.000000  -0.000000   41.0000     0.6441
  -18.700     0.000  -1.067351   0.080141   0.014105   0.094246   0.000000   0.000000   0.280196   0.000000   0.000000   41.0000     0.6428
  -18.600     0.000  -1.060415   0.079087   0.013899   0.092986   0.000000   0.000000   0.277790   0.000000  -0.000000   41.0000     0.6415
  -18.500     0.000  -1.053192   0.078024   0.013732   0.091756   0.000000   0.000000   0.275269   0.000000  -0.000000   41.0000     0.6400
  -18.400     0.000  -1.045973   0.076961   0.013571   0.090532   0.000000   0.000000   0.272745   0.000000  -0.000000   41.0000     0.6385
  -18.300     0.000  -1.039280   0.075984   0.013239   0.089224   0.000000   0.000000   0.270339  -0.000000  -0.000000   41.0000     0.6370
  -18.200     0.000  -1.031996   0.074932   0.013088   0.088020   0.000000   0.000000   0.267793   0.000000   0.000000   41.0000     0.6354
  -18.100     0.000  -1.024723   0.073882   0.012941   0.086823   0.000000   0.000000   0.265253  -0.000000  -0.000000   41.0000     0.6339
  -18.000     0.000  -1.017440   0.072837   0.012798   0.085635   0.000000   0.000000   0.262708   0.000000   0.000000   41.0000     0.6323
  -17.900     0.000  -1.010143   0.071797   0.012660   0.084456   0.000000   0.000000   0.260157  -0.000000  -0.000000   41.0000     0.6307
  -17.800     0.000  -1.002834   0.070762   0.012524   0.083287   0.000000   0.000000   0.257601   0.000000   0.000000   41.0000     0.6290
  -17.700     0.000  -0.995516   0.069734   0.012393   0.082127   0.000000   0.000000   0.255043   0.000000   0.000000   41.0000     0.6273
  -17.600     0.000  -0.988193   0.068713   0.012264   0.080977   0.000000   0.000000   0.252485  -0.000000  -0.000000   41.0000     0.6256
  -17.500     0.000  -0.980875   0.067701   0.012137   0.079838   0.000000   0.000000   0.249934   0.000000   0.000000   41.0000     0.6239
  -17.400     0.000  -0.973562   0.066696   0.012014   0.078710   0.000000  -0.000000   0.247388  -0.000000  -0.000000   41.0000     0.6222
  -17.300     0.000  -0.966255   0.065699   0.011894   0.077593   0.000000   0.000000   0.244850   0.000000   0.000000   41.0000     0.6204
  -17.200     0.000  -0.958943   0.064710   0.011776   0.076486   0.000000   0.000000   0.242310   0.000000  -0.000000   41.0000     0.6186
  -17.100     0.000  -0.951627   0.063727   0.011661   0.075388   0.000000   0.000000   0.239767   0.000000   0.000000   41.0000     0.6168
  -17.000     0.000  -0.944323   0.062753   0.011548   0.074301   0.000000   0.000000   0.237234   0.000000   0.000000   41.0000     0.6150
  -16.900     0.000  -0.937021   0.061788   0.011437   0.073224   0.000000   0.000000   0.234705   0.000000   0.000000   41.0000     0.6131
  -16.800     0.000  -0.929731   0.060830   0.011328   0.072158   0.000000   0.000000   0.232184   0.000000   0.000000   41.0000     0.6113
  -16.700     0.000  -0.922447   0.059882   0.011221   0.071102   0.000000   0.000000   0.229669   0.000000   0.000000   41.0000     0.6094
  -16.600     0.000  -0.915176   0.058942   0.011116   0.070058   0.000000   0.000000   0.227164   0.000000   0.000000   41.0000     0.6075
  -16.500     0.000  -0.907904   0.058010   0.011014   0.069023   0.000000   0.000000   0.224660   0.000000  -0.000000   41.0000     0.6056
  -16.400     0.000  -0.900630   0.057084   0.010913   0.067998   0.000000   0.000000   0.222155   0.000000  -0.000000   41.0000     0.6036
  -16.300     0.000  -0.893351   0.056166   0.010815   0.066981   0.000000   0.000000   0.219648   0.000000   0.000000   41.0000     0.6016
  -16.200     0.000  -0.886065   0.055255   0.010717   0.065972   0.000000   0.000000   0.217136  -0.000000  -0.000000   41.0000     0.5996
  -16.100     0.000  -0.878778   0.054350   0.010622   0.064972   0.000000   0.000000   0.214624  -0.000000  -0.000000   41.0000     0.5975
  -16.000     0.000  -0.871487   0.053453   0.010528   0.063981   0.000000  -0.000000   0.212110   0.000000   0.000000   41.0000     0.5954
  -15.900     0.000  -0.864201   0.052564   0.010436   0.063000   0.000000   0.000000   0.209599  -0.000000  -0.000000   41.0000     0.5933
  -15.800     0.000  -0.856927   0.051683   0.010347   0.062029   0.000000   0.000000   0.207097  -0.000000  -0.000000   41.0000     0.5911
  -15.700     0.000  -0.849655   0.050810   0.010259   0.061069   0.000000   0.000000   0.204597  -0.000000  -0.000000   41.0000     0.5889
  -15.600     0.000  -0.842393   0.049945   0.010172   0.060118   0.000000  -0.000000   0.202104  -0.000000  -0.000000   41.0000     0.5867
  -15.500     0.000  -0.835141   0.049089   0.010088   0.059177   0.000000   0.000000   0.199618   0.000000   0.000000   41.0000     0.5845
  -15.400     0.000  -0.827885   0.048240   0.010005   0.058245   0.000000   0.000000   0.197131   0.000000   0.000000   41.0000     0.5822
  -15.300     0.000  -0.820627   0.047398   0.009924   0.057322   0.000000   0.000000   0.194642   0.000000   0.000000   41.0000     0.5798
  -15.200     0.000  -0.813359   0.046562   0.009845   0.056407   0.000000   0.000000   0.192145  -0.000000  -0.000000   41.0000     0.5775
  -15.100     0.000  -0.806078   0.045732   0.009767   0.055499   0.000000   0.000000   0.189638  -0.000000  -0.000000   41.0000     0.5750
  -15.000     0.000  -0.798775   0.044908   0.009690   0.054598   0.000000   0.000000   0.187117  -0.000000  -0.000000   41.0000     0.5725
  -14.900     0.000  -0.791447   0.044088   0.009614   0.053702   0.000000   0.000000   0.184577  -0.000000  -0.000000   41.0000     0.5698
  -14.800     0.000  -0.784086   0.043272   0.009539   0.052811   0.000000   0.000000   0.182015   0.000000   0.000000   41.0000     0.5671
  -14.700     0.000  -0.776698   0.042461   0.009464   0.051926   0.000000   0.000000   0.179435   0.000000   0.000000   41.0000     0.5643
  -14.600     0.000  -0.769294   0.041656   0.009389   0.051045   0.000000   0.000000   0.176844  -0.000000  -0.000000   41.0000     0.5614
  -14.500     0.000  -0.761877   0.040858   0.009314   0.050172   0.000000   0.000000   0.174244   0.000000   0.000000   41.0000     0.5584
  -14.400     0.000  -0.754449   0.040066   0.009240   0.049306   0.000000   0.000000   0.171636   0.000000   0.000000   41.0000     0.5553
  -14.300     0.000  -0.747013   0.039281   0.009167   0.048448   0.000000   0.000000   0.169023   0.000000   0.000000   41.0000     0.5522
  -14.200     0.000  -0.739567   0.038502   0.009096   0.047598   0.000000   0.000000   0.166404   0.000000  -0.000000   41.0000     0.5490
  -14.100     0.000  -0.732113   0.037731   0.009026   0.046757   0.000000   0.000000   0.163778   0.000000  -0.000000   41.0000     0.5457
  -14.000     0.000  -0.724652   0.036967   0.008957   0.045923   0.000000  -0.000000   0.161148  -0.000000  -0.000000   41.0000     0.5423
  -13.900     0.000  -0.717231   0.036207   0.008889   0.045096   0.000000   0.000000   0.158530   0.000000   0.000000   41.0000     0.5389
  -13.800     0.000  -0.709718   0.035459   0.008822   0.044282   0.000000   0.000000   0.155875   0.000000  -0.000000   41.0000     0.5353
  -13.700     0.000  -0.702267   0.034713   0.008760   0.043473   0.000000   0.000000   0.153238   0.000000   0.000000   41.0000     0.5317
  -13.600     0.000  -0.694734   0.033979   0.008697   0.042676   0.000000   0.000000   0.150570   0.000000  -0.000000   41.0000     0.5280
  -13.500     0.000  -0.687216   0.033250   0.008636   0.041886   0.000000   0.000000   0.147903   0.000000   0.000000   41.0000     0.5241
  -13.400     0.000  -0.679711   0.032529   0.008574   0.041103   0.000000   0.000000   0.145239   0.000000   0.000000   41.0000     0.5202
  -13.300     0.000  -0.672203   0.031816   0.008513   0.040328   0.000000   0.000000   0.142573   0.000000   0.000000   41.0000     0.5162
  -13.200     0.000  -0.664664   0.031107   0.008459   0.039567   0.000000   0.000000   0.139890   0.000000   0.000000   41.0000     0.5120
  -13.100     0.000  -0.657138   0.030408   0.008404   0.038812   0.000000  -0.000000   0.137215   0.000000   0.000000   41.0000     0.5078
  -13.000     0.000  -0.649663   0.029714   0.008351   0.038065   0.000000   0.000000   0.134560   0.000000  -0.000000   41.0000     0.5035
  -12.900     0.000  -0.642077   0.029031   0.008305   0.037337   0.000000   0.000000   0.131859   0.000000  -0.000000   41.0000     0.4990
  -12.800     0.000  -0.634528   0.028355   0.008258   0.036613   0.000000   0.000000   0.129172   0.000000  -0.000000   41.0000     0.4944
  -12.700     0.000  -0.627016   0.027682   0.008212   0.035895   0.000000  -0.000000   0.126493   0.000000   0.000000   41.0000     0.4898
  -12.600     0.000  -0.619452   0.027025   0.008157   0.035182   0.000000   0.000000   0.123801   0.000000   0.000000   41.0000     0.4851
  -12.500     0.000  -0.611918   0.026373   0.008104   0.034477   0.000000   0.000000   0.121119   0.000000   0.000000   41.0000     0.4804
  -12.400     0.000  -0.604388   0.025729   0.008050   0.033779   0.000000   0.000000   0.118437   0.000000   0.000000   41.0000     0.4755
  -12.300     0.000  -0.596856   0.025093   0.007994   0.033087   0.000000   0.000000   0.115753   0.000000   0.000000   41.0000     0.4706
  -12.200     0.000  -0.589316   0.024464   0.007939   0.032403   0.000000   0.000000   0.113062  -0.000000  -0.000000   41.0000     0.4656
  -12.100     0.000  -0.581775   0.023843   0.007884   0.031727   0.000000   0.000000   0.110371   0.000000   0.000000   41.0000     0.4604
  -12.000     0.000  -0.574235   0.023231   0.007829   0.031060   0.000000   0.000000   0.107680  -0.000000  -0.000000   41.0000     0.4550
  -11.900     0.000  -0.566701   0.022626   0.007776   0.030402   0.000000  -0.000000   0.104993  -0.000000  -0.000000   41.0000     0.4495
  -11.800     0.000  -0.559169   0.022030   0.007723   0.029753   0.000000   0.000000   0.102308   0.000000   0.000000   41.0000     0.4439
  -11.700     0.000  -0.551646   0.021442   0.007671   0.029113   0.000000   0.000000   0.099628  -0.000000  -0.000000   41.0000     0.4381
  -11.600     0.000  -0.544138   0.020864   0.007620   0.028483   0.000000   0.000000   0.096960   0.000000   0.000000   41.0000     0.4322
  -11.500     0.000  -0.536665   0.020295   0.007570   0.027865   0.000000   0.000000   0.094314   0.000000   0.000000   41.0000     0.4262
  -11.400     0.000  -0.529248   0.019739   0.007520   0.027259   0.000000   0.000000   0.091701   0.000000   0.000000   41.0000     0.4202
  -11.300     0.000  -0.521861   0.019193   0.007473   0.026667   0.000000   0.000000   0.089107  -0.000000  -0.000000   41.0000     0.4140
  -11.200     0.000  -0.514471   0.018654   0.007434   0.026088   0.000000   0.000000   0.086516  -0.000000  -0.000000   41.0000     0.4077
  -11.100     0.000  -0.507088   0.018123   0.007396   0.025519   0.000000   0.000000   0.083926  -0.000000  -0.000000   41.0000     0.4011
  -11.000     0.000  -0.499665   0.017597   0.007355   0.024952   0.000000   0.000000   0.081308   0.000000   0.000000   41.0000     0.3943
  -10.900     0.000  -0.492204   0.017076   0.007312   0.024388   0.000000   0.000000   0.078663   0.000000  -0.000000   41.0000     0.3871
  -10.800     0.000  -0.484712   0.016562   0.007264   0.023826   0.000000  -0.000000   0.075997   0.000000  -0.000000   41.0000     0.3796
  -10.700     0.000  -0.477244   0.016056   0.007198   0.023254   0.000000   0.000000   0.073341   0.000000  -0.000000   41.0000     0.3719
  -10.600     0.000  -0.469846   0.015554   0.007138   0.022691   0.000000   0.000000   0.070701  -0.000000  -0.000000   41.0000     0.3640
  -10.500     0.000  -0.462316   0.015068   0.007073   0.022141   0.000000   0.000000   0.068015   0.000000   0.000000   41.0000     0.3558
  -10.400     0.000  -0.454835   0.014587   0.007007   0.021594   0.000000   0.000000   0.065350   0.000000   0.000000   41.0000     0.3473
  -10.300     0.000  -0.447485   0.014115   0.006922   0.021038   0.000000   0.000000   0.062744  -0.000000  -0.000000   41.0000     0.3388
  -10.200     0.000  -0.440140   0.013652   0.006845   0.020496   0.000000   0.000000   0.060135   0.000000   0.000000   41.0000     0.3300
  -10.100     0.000  -0.432832   0.013205   0.006738   0.019943   0.000000   0.000000   0.057550   0.000000   0.000000   41.0000     0.3209
  -10.000     0.000  -0.425555   0.012765   0.006646   0.019411   0.000000   0.000000   0.054970   0.000000   0.000000   41.0000     0.3116
   -9.900     0.000  -0.417990   0.012321   0.006612   0.018934   0.000000   0.000000   0.052256   0.000000   0.000000   41.0000     0.3013
   -9.800     0.000  -0.410464   0.011879   0.006582   0.018461   0.000000   0.000000   0.049541   0.000000  -0.000000   41.0000     0.2906
   -9.700     0.000  -0.402832   0.011446   0.006554   0.018000   0.000000   0.000000   0.046781   0.000000  -0.000000   41.0000     0.2792
   -9.600     0.000  -0.395259   0.011017   0.006527   0.017544   0.000000   0.000000   0.044037  -0.000000  -0.000000   41.0000     0.2675
   -9.500     0.000  -0.387597   0.010599   0.006503   0.017102   0.000000   0.000000   0.041259   0.000000  -0.000000   41.0000     0.2551
   -9.400     0.000  -0.380018   0.010186   0.006482   0.016668   0.000000   0.000000   0.038512   0.000000   0.000000   41.0000     0.2424
   -9.300     0.000  -0.372358   0.009784   0.006464   0.016248   0.000000   0.000000   0.035736   0.000000   0.000000   41.0000     0.2291
   -9.200     0.000  -0.364750   0.009390   0.006452   0.015842   0.000000   0.000000   0.032985   0.000000  -0.000000   41.0000     0.2151
   -9.100     0.000  -0.357155   0.009005   0.006439   0.015443   0.000000   0.000000   0.030241  -0.000000  -0.000000   41.0000     0.2012
   -9.000     0.000  -0.349628   0.008626   0.006424   0.015051   0.000000   0.000000   0.027526  -0.000000  -0.000000   41.0000     0.1875
   -8.900     0.000  -0.342026   0.008259   0.006412   0.014671   0.000000   0.000000   0.024787  -0.000000  -0.000000   41.0000     0.1731
   -8.800     0.000  -0.334455   0.007899   0.006401   0.014300   0.000000   0.000000   0.022058   0.000000   0.000000   41.0000     0.1581
   -8.700     0.000  -0.326896   0.007547   0.006391   0.013939   0.000000   0.000000   0.019334   0.000000  -0.000000   41.0000     0.1423
   -8.600     0.000  -0.319372   0.007205   0.006387   0.013592   0.000000   0.000000   0.016634   0.000000   0.000000   41.0000     0.1259
   -8.500     0.000  -0.311857   0.006871   0.006387   0.013257   0.000000   0.000000   0.013941   0.000000  -0.000000   41.0000     0.1086
   -8.400     0.000  -0.304372   0.006546   0.006392   0.012938   0.000000   0.000000   0.011267   0.000000  -0.000000   41.0000     0.0906
   -8.300     0.000  -0.296910   0.006230   0.006404   0.012634   0.000000  -0.000000   0.008607   0.000000  -0.000000   41.0000     0.0718
   -8.200     0.000  -0.289457   0.005922   0.006423   0.012345   0.000000   0.000000   0.005951   0.000000  -0.000000   41.0000     0.0518
   -8.100     0.000  -0.282018   0.005623   0.006449   0.012073   0.000000   0.000000   0.003303   0.000000  -0.000000   41.0000     0.0309
   -8.000     0.000  -0.274618   0.005333   0.006467   0.011800   0.000000  -0.000000   0.000680   0.000000   0.000000   41.0000     0.0126
   -7.900     0.000  -0.267184   0.005047   0.006480   0.011527   0.000000   0.000000  -0.001979   0.000000   0.000000   41.0000    -0.0072
   -7.800     0.000  -0.259938   0.004777   0.006519   0.011296   0.000000   0.000000  -0.004506   0.000000   0.000000   41.0000    -0.0272
   -7.700     0.000  -0.252823   0.004515   0.006580   0.011095   0.000000   0.000000  -0.006972   0.000000  -0.000000   41.0000    -0.0480
   -7.600     0.000  -0.245894   0.004274   0.006666   0.010939   0.000000   0.000000  -0.009294   0.000000  -0.000000   41.0000    -0.0648
   -7.500     0.000  -0.238706   0.004031   0.006743   0.010774   0.000000   0.000000  -0.011777   0.000000   0.000000   41.0000    -0.0824
   -7.400     0.000  -0.231403   0.003790   0.006795   0.010585   0.000000   0.000000  -0.014344   0.000000  -0.000000   41.0000    -0.0949
   -7.300     0.000  -0.224085   0.003555   0.006810   0.010365   0.000000   0.000000  -0.016927   0.000000  -0.000000   41.0000    -0.0953
   -7.200     0.000  -0.216808   0.003329   0.006829   0.010158   0.000000   0.000000  -0.019488   0.000000  -0.000000   41.0000    -0.0969
   -7.100     0.000  -0.209490   0.003109   0.006844   0.009953   0.000000   0.000000  -0.022075   0.000000  -0.000000   41.0000    -0.1008
   -7.000     0.000  -0.202113   0.002895   0.006852   0.009747   0.000000   0.000000  -0.024701   0.000000  -0.000000   41.0000    -0.1074
   -6.900     0.000  -0.194677   0.002687   0.006852   0.009539   0.000000   0.000000  -0.027363   0.000000   0.000000   41.0000    -0.1167
   -6.800     0.000  -0.187182   0.002485   0.006845   0.009330   0.000000   0.000000  -0.030062   0.000000   0.000000   41.0000    -0.1296
   -6.700     0.000  -0.179656   0.002290   0.006835   0.009125   0.000000   0.000000  -0.032781   0.000000  -0.000000   41.0000    -0.1460
   -6.600     0.000  -0.172108   0.002103   0.006821   0.008924   0.000000   0.000000  -0.035514   0.000000  -0.000000   41.0000    -0.1659
   -6.500     0.000  -0.164591   0.001923   0.006806   0.008729   0.000000   0.000000  -0.038241   0.000000  -0.000000   41.0000    -0.1904
   -6.400     0.000  -0.156985   0.001752   0.006790   0.008542   0.000000   0.000000  -0.041002   0.000000  -0.000000   41.0000    -0.2200
   -6.300     0.000  -0.149414   0.001588   0.006775   0.008363   0.000000  -0.000000  -0.043749   0.000000  -0.000000   41.0000    -0.2550
   -6.200     0.000  -0.141902   0.001433   0.006769   0.008203   0.000000   0.000000  -0.046460   0.000000   0.000000   41.0000    -0.2982
   -6.100     0.000  -0.134446   0.001288   0.006776   0.008064   0.000000   0.000000  -0.049141   0.000000   0.000000   41.0000    -0.3504
   -6.000     0.000  -0.127020   0.001151   0.006796   0.007946   0.000000   0.000000  -0.051809   0.000000  -0.000000   41.0000    -0.4105
   -5.900     0.000  -0.119649   0.001022   0.006833   0.007855   0.000000   0.000000  -0.054451   0.000000   0.000000   41.0000    -0.4796
   -5.800     0.000  -0.112340   0.000902   0.006877   0.007779   0.000000   0.000000  -0.057054   0.000000  -0.000000   41.0000    -0.5645
   -5.700     0.000  -0.105075   0.000790   0.006916   0.007706   0.000000   0.000000  -0.059623   0.000000  -0.000000   41.0000    -0.6656
   -5.600     0.000  -0.097810   0.000686   0.006954   0.007639   0.000000   0.000000  -0.062192   0.000000   0.000000   41.0000    -0.7681
   -5.500     0.000  -0.090537   0.000588   0.006988   0.007576   0.000000   0.000000  -0.064764   0.000000  -0.000000   41.0000    -0.8765
   -5.400     0.000  -0.083211   0.000498   0.007002   0.007500   0.000000  -0.000000  -0.067362   0.000000  -0.000000   41.0000    -1.0117
   -5.300     0.000  -0.075768   0.000414   0.006978   0.007392   0.000000  -0.000000  -0.070018   0.000000   0.000000   41.0000    -1.2008
   -5.200     0.000  -0.068248   0.000337   0.006955   0.007292   0.000000  -0.000000  -0.072730   0.000000  -0.000000   41.0000    -1.4467
   -5.100     0.000  -0.060705   0.000268   0.006936   0.007204   0.000000  -0.000000  -0.075459   0.000000  -0.000000   41.0000    -1.7637
   -5.000     0.000  -0.053161   0.000206   0.006920   0.007126   0.000000   0.000000  -0.078191   0.000000  -0.000000   41.0000    -2.1700
   -4.900     0.000  -0.045610   0.000153   0.006905   0.007058   0.000000   0.000000  -0.080929   0.000000  -0.000000   41.0000    -2.7433
   -4.800     0.000  -0.038071   0.000108   0.006893   0.007001   0.000000   0.000000  -0.083660   0.000000   0.000000   41.0000    -3.3937
   -4.700     0.000  -0.030836   0.000071   0.006921   0.006993   0.000000  -0.000000  -0.086209   0.000000  -0.000000   41.0000    -2.5670
   -4.600     0.000  -0.024078   0.000044   0.007024   0.007069   0.000000   0.000000  -0.088460   0.000000  -0.000000   41.0000     0.8894
   -4.500     0.000  -0.017320   0.000024   0.007127   0.007151   0.000000   0.000000  -0.090711  -0.000000   0.000000   41.0000     4.2554
   -4.400     0.000  -0.010561   0.000010   0.007230   0.007240   0.000000   0.000000  -0.092962   0.000000   0.000000   41.0000     7.3342
   -4.300     0.000  -0.003802   0.000003   0.007333   0.007336   0.000000   0.000000  -0.095215   0.000000   0.000000   41.0000     2.1552
   -4.200     0.000   0.002957   0.000001   0.007436   0.007438   0.000000   0.000000  -0.097468   0.000000   0.000000   41.0000     8.5594
   -4.100     0.000   0.009721   0.000007   0.007537   0.007544   0.000000   0.000000  -0.099726   0.000000   0.000000   41.0000    19.4057
   -4.000     0.000   0.017120   0.000020   0.007554   0.007574   0.000000  -0.000000  -0.102372   0.000000   0.000000   41.0000    15.8854
   -3.900     0.000   0.024672   0.000041   0.007548   0.007589   0.000000  -0.000000  -0.105114   0.000000   0.000000   41.0000     9.9963
   -3.800     0.000   0.032222   0.000070   0.007540   0.007610   0.000000  -0.000000  -0.107860   0.000000   0.000000   41.0000     7.6986
   -3.700     0.000   0.039771   0.000107   0.007533   0.007640   0.000000   0.000000  -0.110605   0.000000  -0.000000   41.0000     6.5201
   -3.600     0.000   0.047319   0.000152   0.007526   0.007678   0.000000  -0.000000  -0.113351   0.000000   0.000000   41.0000     5.7070
   -3.500     0.000   0.054867   0.000206   0.007519   0.007725   0.000000  -0.000000  -0.116097   0.000000   0.000000   41.0000     5.1352
   -3.400     0.000   0.062416   0.000267   0.007512   0.007779   0.000000   0.000000  -0.118843   0.000000  -0.000000   41.0000     4.7266
   -3.300     0.000   0.069992   0.000336   0.007505   0.007841   0.000000  -0.000000  -0.121605   0.000000   0.000000   41.0000     4.3806
   -3.200     0.000   0.077596   0.000414   0.007497   0.007911   0.000000  -0.000000  -0.124381   0.000000   0.000000   41.0000     4.0653
   -3.100     0.000   0.085206   0.000500   0.007490   0.007990   0.000000  -0.000000  -0.127162   0.000000  -0.000000   41.0000     3.7971
   -3.000     0.000   0.092786   0.000595   0.007483   0.008078   0.000000  -0.000000  -0.129937   0.000000   0.000000   41.0000     3.5696
   -2.900     0.000   0.100457   0.000697   0.007477   0.008174   0.000000  -0.000000  -0.132747   0.000000   0.000000   41.0000     3.3729
   -2.800     0.000   0.107873   0.000807   0.007484   0.008292   0.000000  -0.000000  -0.135443   0.000000  -0.000000   41.0000     3.2052
   -2.700     0.000   0.115016   0.000919   0.007543   0.008462   0.000000  -0.000000  -0.137960   0.000000  -0.000000   41.0000     3.0620
   -2.600     0.000   0.122057   0.001035   0.007626   0.008661   0.000000  -0.000000  -0.140406   0.000000   0.000000   41.0000     2.9367
   -2.500     0.000   0.128979   0.001156   0.007728   0.008883   0.000000  -0.000000  -0.142781   0.000000   0.000000   41.0000     2.8243
   -2.400     0.000   0.135982   0.001288   0.007800   0.009088   0.000000  -0.000000  -0.145235   0.000000  -0.000000   41.0000     2.7235
   -2.300     0.000   0.143373   0.001430   0.007846   0.009276   0.000000  -0.000000  -0.147877   0.000000  -0.000000   41.0000     2.6293
   -2.200     0.000   0.150783   0.001583   0.007872   0.009455   0.000000  -0.000000  -0.150557   0.000000   0.000000   41.0000     2.5451
   -2.100     0.000   0.158277   0.001743   0.007898   0.009641   0.000000  -0.000000  -0.153268   0.000000   0.000000   41.0000     2.4681
   -2.000     0.000   0.165952   0.001912   0.007911   0.009822   0.000000  -0.000000  -0.156064   0.000000  -0.000000   41.0000     2.3962
   -1.900     0.000   0.173596   0.002092   0.007912   0.010004   0.000000   0.000000  -0.158865   0.000000  -0.000000   41.0000     2.3313
   -1.800     0.000   0.181164   0.002281   0.007915   0.010196   0.000000  -0.000000  -0.161637   0.000000   0.000000   41.0000     2.2727
   -1.700     0.000   0.188767   0.002475   0.007928   0.010403   0.000000  -0.000000  -0.164409   0.000000   0.000000   41.0000     2.2184
   -1.600     0.000   0.196338   0.002678   0.007942   0.010619   0.000000  -0.000000  -0.167170  -0.000000  -0.000000   41.0000     2.1684
   -1.500     0.000   0.203904   0.002889   0.007955   0.010844   0.000000  -0.000000  -0.169929  -0.000000   0.000000   41.0000     2.1220
   -1.400     0.000   0.211467   0.003108   0.007969   0.011077   0.000000  -0.000000  -0.172687   0.000000   0.000000   41.0000     2.0787
   -1.300     0.000   0.219031   0.003337   0.007973   0.011310   0.000000  -0.000000  -0.175459   0.000000  -0.000000   41.0000     2.0383
   -1.200     0.000   0.226686   0.003574   0.007976   0.011550   0.000000  -0.000000  -0.178265   0.000000  -0.000000   41.0000     2.0001
   -1.100     0.000   0.234259   0.003820   0.007980   0.011800   0.000000  -0.000000  -0.181041   0.000000   0.000000   41.0000     1.9651
   -1.000     0.000   0.241912   0.004072   0.007984   0.012057   0.000000  -0.000000  -0.183847   0.000000   0.000000   41.0000     1.9318
   -0.900     0.000   0.249484   0.004334   0.007989   0.012323   0.000000  -0.000000  -0.186623   0.000000  -0.000000   41.0000     1.9008
   -0.800     0.000   0.257137   0.004603   0.007994   0.012597   0.000000  -0.000000  -0.189428   0.000000  -0.000000   41.0000     1.8714
   -0.700     0.000   0.264708   0.004882   0.007998   0.012880   0.000000  -0.000000  -0.192204   0.000000  -0.000000   41.0000     1.8439
   -0.600     0.000   0.272360   0.005167   0.008004   0.013170   0.000000  -0.000000  -0.195008   0.000000  -0.000000   41.0000     1.8177
   -0.500     0.000   0.279929   0.005462   0.008009   0.013471   0.000000  -0.000000  -0.197783   0.000000  -0.000000   41.0000     1.7932
   -0.400     0.000   0.287579   0.005762   0.008015   0.013777   0.000000  -0.000000  -0.200587   0.000000   0.000000   41.0000     1.7698
   -0.300     0.000   0.295148   0.006074   0.008021   0.014095   0.000000   0.000000  -0.203361   0.000000   0.000000   41.0000     1.7478
   -0.200     0.000   0.302798   0.006391   0.008027   0.014418   0.000000  -0.000000  -0.206164   0.000000   0.000000   41.0000     1.7266
   -0.100     0.000   0.310366   0.006718   0.008034   0.014752   0.000000  -0.000000  -0.208938   0.000000   0.000000   41.0000     1.7067
    0.000     0.000   0.318014   0.007052   0.008041   0.015093   0.000000  -0.000000  -0.211740   0.000000   0.000000   41.0000     1.6876
    0.100     0.000   0.325624   0.007394   0.008050   0.015443   0.000000  -0.000000  -0.214527   0.000000   0.000000   41.0000     1.6693
    0.200     0.000   0.333175   0.007745   0.008060   0.015805   0.000000  -0.000000  -0.217290   0.000000   0.000000   41.0000     1.6522
    0.300     0.000   0.340812   0.008102   0.008071   0.016172   0.000000  -0.000000  -0.220085   0.000000   0.000000   41.0000     1.6355
    0.400     0.000   0.348416   0.008468   0.008081   0.016549   0.000000  -0.000000  -0.222867   0.000000   0.000000   41.0000     1.6197
    0.500     0.000   0.355966   0.008843   0.008092   0.016936   0.000000  -0.000000  -0.225629   0.000000   0.000000   41.0000     1.6046
    0.600     0.000   0.363601   0.009224   0.008103   0.017328   0.000000  -0.000000  -0.228422   0.000000   0.000000   41.0000     1.5900
    0.700     0.000   0.371202   0.009615   0.008115   0.017729   0.000000  -0.000000  -0.231202  -0.000000   0.000000   41.0000     1.5760
    0.800     0.000   0.378749   0.010014   0.008126   0.018141   0.000000  -0.000000  -0.233962   0.000000  -0.000000   41.0000     1.5627
    0.900     0.000   0.386389   0.010420   0.008135   0.018555   0.000000  -0.000000  -0.236759  -0.000000  -0.000000   41.0000     1.5498
    1.000     0.000   0.393994   0.010835   0.008144   0.018979   0.000000  -0.000000  -0.239543   0.000000   0.000000   41.0000     1.5374
    1.100     0.000   0.401546   0.011260   0.008154   0.019413   0.000000  -0.000000  -0.242307   0.000000   0.000000   41.0000     1.5256
    1.200     0.000   0.409181   0.011689   0.008163   0.019853   0.000000  -0.000000  -0.245102   0.000000   0.000000   41.0000     1.5141
    1.300     0.000   0.416783   0.012128   0.008173   0.020302   0.000000  -0.000000  -0.247884   0.000000   0.000000   41.0000     1.5031
    1.400     0.000   0.424332   0.012577   0.008183   0.020761   0.000000  -0.000000  -0.250645  -0.000000  -0.000000   41.0000     1.4924
    1.500     0.000   0.431964   0.013031   0.008194   0.021225   0.000000  -0.000000  -0.253437   0.000000   0.000000   41.0000     1.4821
    1.600     0.000   0.439563   0.013494   0.008204   0.021698   0.000000  -0.000000  -0.256217   0.000000   0.000000   41.0000     1.4722
    1.700     0.000   0.447108   0.013967   0.008215   0.022182   0.000000  -0.000000  -0.258976   0.000000   0.000000   41.0000     1.4627
    1.800     0.000   0.454738   0.014445   0.008226   0.022670   0.000000  -0.000000  -0.261765   0.000000   0.000000   41.0000     1.4533
    1.900     0.000   0.462333   0.014932   0.008237   0.023169   0.000000  -0.000000  -0.264542   0.000000  -0.000000   41.0000     1.4443
    2.000     0.000   0.469875   0.015429   0.008248   0.023677   0.000000  -0.000000  -0.267298   0.000000  -0.000000   41.0000     1.4357
    2.100     0.000   0.477499   0.015931   0.008260   0.024191   0.000000  -0.000000  -0.270083   0.000000   0.000000   41.0000     1.4273
    2.200     0.000   0.485088   0.016442   0.008272   0.024714   0.000000   0.000000  -0.272855   0.000000  -0.000000   41.0000     1.4191
    2.300     0.000   0.492671   0.016961   0.008284   0.025245   0.000000  -0.000000  -0.275624   0.000000   0.000000   41.0000     1.4112
    2.400     0.000   0.500204   0.017490   0.008297   0.025787   0.000000  -0.000000  -0.278374   0.000000   0.000000   41.0000     1.4035
    2.500     0.000   0.507822   0.018023   0.008310   0.026333   0.000000  -0.000000  -0.281154   0.000000   0.000000   41.0000     1.3961
    2.600     0.000   0.515405   0.018566   0.008323   0.026889   0.000000  -0.000000  -0.283922   0.000000  -0.000000   41.0000     1.3888
    2.700     0.000   0.522985   0.019117   0.008336   0.027453   0.000000  -0.000000  -0.286687   0.000000   0.000000   41.0000     1.3818
    2.800     0.000   0.530517   0.019678   0.008349   0.028027   0.000000  -0.000000  -0.289435   0.000000   0.000000   41.0000     1.3750
    2.900     0.000   0.538134   0.020244   0.008362   0.028606   0.000000  -0.000000  -0.292214  -0.000000  -0.000000   41.0000     1.3683
    3.000     0.000   0.545716   0.020818   0.008375   0.029194   0.000000  -0.000000  -0.294978   0.000000  -0.000000   41.0000     1.3618
    3.100     0.000   0.553290   0.021401   0.008389   0.029790   0.000000  -0.000000  -0.297740   0.000000   0.000000   41.0000     1.3556
    3.200     0.000   0.560815   0.021995   0.008403   0.030397   0.000000  -0.000000  -0.300482   0.000000   0.000000   41.0000     1.3495
    3.300     0.000   0.568427   0.022592   0.008416   0.031008   0.000000  -0.000000  -0.303255   0.000000  -0.000000   41.0000     1.3435
    3.400     0.000   0.576004   0.023199   0.008430   0.031629   0.000000  -0.000000  -0.306015   0.000000   0.000000   41.0000     1.3377
    3.500     0.000   0.583573   0.023813   0.008444   0.032257   0.000000  -0.000000  -0.308772  -0.000000  -0.000000   41.0000     1.3320
    3.600     0.000   0.591140   0.024436   0.008458   0.032895   0.000000  -0.000000  -0.311526   0.000000   0.000000   41.0000     1.3265
    3.700     0.000   0.598705   0.025067   0.008473   0.033540   0.000000  -0.000000  -0.314279  -0.000000  -0.000000   41.0000     1.3211
    3.800     0.000   0.606268   0.025705   0.008488   0.034193   0.000000   0.000000  -0.317030   0.000000  -0.000000   41.0000     1.3158
    3.900     0.000   0.613826   0.026351   0.008503   0.034855   0.000000  -0.000000  -0.319778   0.000000   0.000000   41.0000     1.3107
    4.000     0.000   0.621381   0.027005   0.008519   0.035524   0.000000  -0.000000  -0.322524   0.000000   0.000000   41.0000     1.3057
    4.100     0.000   0.628935   0.027667   0.008536   0.036202   0.000000  -0.000000  -0.325267  -0.000000  -0.000000   41.0000     1.3008
    4.200     0.000   0.636486   0.028336   0.008552   0.036888   0.000000  -0.000000  -0.328009  -0.000000  -0.000000   41.0000     1.2960
    4.300     0.000   0.644037   0.029014   0.008568   0.037582   0.000000  -0.000000  -0.330750   0.000000   0.000000   41.0000     1.2913
    4.400     0.000   0.651586   0.029699   0.008585   0.038284   0.000000  -0.000000  -0.333490   0.000000   0.000000   41.0000     1.2867
    4.500     0.000   0.659138   0.030393   0.008601   0.038993   0.000000  -0.000000  -0.336231   0.000000   0.000000   41.0000     1.2822
    4.600     0.000   0.666685   0.031094   0.008618   0.039711   0.000000  -0.000000  -0.338968  -0.000000  -0.000000   41.0000     1.2779
    4.700     0.000   0.674228   0.031802   0.008635   0.040437   0.000000  -0.000000  -0.341702  -0.000000  -0.000000   41.0000     1.2736
    4.800     0.000   0.681772   0.032519   0.008652   0.041171   0.000000  -0.000000  -0.344436  -0.000000  -0.000000   41.0000     1.2694
    4.900     0.000   0.689313   0.033244   0.008669   0.041913   0.000000  -0.000000  -0.347168   0.000000   0.000000   41.0000     1.2653
    5.000     0.000   0.696853   0.033977   0.008686   0.042662   0.000000  -0.000000  -0.349898   0.000000  -0.000000   41.0000     1.2612
    5.100     0.000   0.704390   0.034717   0.008703   0.043420   0.000000  -0.000000  -0.352627  -0.000000  -0.000000   41.0000     1.2573
    5.200     0.000   0.711925   0.035465   0.008721   0.044186   0.000000  -0.000000  -0.355353   0.000000  -0.000000   41.0000     1.2534
    5.300     0.000   0.719458   0.036221   0.008739   0.044959   0.000000  -0.000000  -0.358077  -0.000000  -0.000000   41.0000     1.2496
    5.400     0.000   0.726988   0.036984   0.008757   0.045741   0.000000  -0.000000  -0.360799   0.000000   0.000000   41.0000     1.2459
    5.500     0.000   0.734515   0.037755   0.008774   0.046529   0.000000  -0.000000  -0.363519  -0.000000  -0.000000   41.0000     1.2423
    5.600     0.000   0.742038   0.038534   0.008790   0.047324   0.000000  -0.000000  -0.366236   0.000000   0.000000   41.0000     1.2387
    5.700     0.000   0.749562   0.039321   0.008809   0.048129   0.000000  -0.000000  -0.368952   0.000000   0.000000   41.0000     1.2352
    5.800     0.000   0.757081   0.040115   0.008826   0.048941   0.000000  -0.000000  -0.371665   0.000000   0.000000   41.0000     1.2318
    5.900     0.000   0.764599   0.040917   0.008845   0.049762   0.000000  -0.000000  -0.374376  -0.000000  -0.000000   41.0000     1.2284
    6.000     0.000   0.772115   0.041726   0.008865   0.050591   0.000000  -0.000000  -0.377085  -0.000000  -0.000000   41.0000     1.2251
    6.100     0.000   0.779628   0.042544   0.008885   0.051429   0.000000  -0.000000  -0.379792   0.000000   0.000000   41.0000     1.2218
    6.200     0.000   0.787138   0.043369   0.008905   0.052274   0.000000  -0.000000  -0.382496   0.000000  -0.000000   41.0000     1.2186
    6.300     0.000   0.794646   0.044201   0.008926   0.053127   0.000000  -0.000000  -0.385198  -0.000000  -0.000000   41.0000     1.2154
    6.400     0.000   0.802150   0.045041   0.008945   0.053986   0.000000  -0.000000  -0.387897  -0.000000  -0.000000   41.0000     1.2123
    6.500     0.000   0.809650   0.045889   0.008965   0.054854   0.000000  -0.000000  -0.390593   0.000000   0.000000   41.0000     1.2093
    6.600     0.000   0.817147   0.046744   0.008983   0.055727   0.000000  -0.000000  -0.393287  -0.000000  -0.000000   41.0000     1.2063
    6.700     0.000   0.824641   0.047607   0.009001   0.056608   0.000000  -0.000000  -0.395978  -0.000000  -0.000000   41.0000     1.2034
    6.800     0.000   0.832134   0.048477   0.009020   0.057497   0.000000  -0.000000  -0.398668   0.000000   0.000000   41.0000     1.2005
    6.900     0.000   0.839627   0.049356   0.009037   0.058392   0.000000  -0.000000  -0.401357  -0.000000  -0.000000   41.0000     1.1976
    7.000     0.000   0.847123   0.050243   0.009053   0.059296   0.000000  -0.000000  -0.404048  -0.000000  -0.000000   41.0000     1.1948
    7.100     0.000   0.854617   0.051137   0.009070   0.060207   0.000000  -0.000000  -0.406736  -0.000000  -0.000000   41.0000     1.1921
    7.200     0.000   0.862099   0.052038   0.009091   0.061129   0.000000  -0.000000  -0.409416  -0.000000  -0.000000   41.0000     1.1893
    7.300     0.000   0.869577   0.052946   0.009109   0.062055   0.000000  -0.000000  -0.412092  -0.000000  -0.000000   41.0000     1.1867
    7.400     0.000   0.877054   0.053862   0.009131   0.062993   0.000000  -0.000000  -0.414767  -0.000000  -0.000000   41.0000     1.1840
    7.500     0.000   0.884528   0.054785   0.009155   0.063940   0.000000  -0.000000  -0.417438   0.000000   0.000000   41.0000     1.1814
    7.600     0.000   0.892000   0.055716   0.009178   0.064894   0.000000   0.000000  -0.420107   0.000000  -0.000000   41.0000     1.1789
    7.700     0.000   0.899467   0.056654   0.009199   0.065854   0.000000  -0.000000  -0.422773   0.000000   0.000000   41.0000     1.1763
    7.800     0.000   0.906931   0.057600   0.009220   0.066820   0.000000  -0.000000  -0.425436   0.000000   0.000000   41.0000     1.1739
    7.900     0.000   0.914392   0.058553   0.009237   0.067790   0.000000  -0.000000  -0.428097   0.000000   0.000000   41.0000     1.1714
    8.000     0.000   0.921848   0.059513   0.009253   0.068767   0.000000  -0.000000  -0.430755  -0.000000  -0.000000   41.0000     1.1690
    8.100     0.000   0.929300   0.060481   0.009264   0.069745   0.000000  -0.000000  -0.433413   0.000000   0.000000   41.0000     1.1666
    8.200     0.000   0.936751   0.061456   0.009282   0.070738   0.000000  -0.000000  -0.436066  -0.000000  -0.000000   41.0000     1.1643
    8.300     0.000   0.944199   0.062439   0.009302   0.071741   0.000000  -0.000000  -0.438715   0.000000  -0.000000   41.0000     1.1620
    8.400     0.000   0.951642   0.063428   0.009319   0.072747   0.000000  -0.000000  -0.441364   0.000000   0.000000   41.0000     1.1597
    8.500     0.000   0.959084   0.064426   0.009343   0.073769   0.000000  -0.000000  -0.444006   0.000000   0.000000   41.0000     1.1574
    8.600     0.000   0.966521   0.065430   0.009367   0.074798   0.000000  -0.000000  -0.446645  -0.000000  -0.000000   41.0000     1.1552
    8.700     0.000   0.973953   0.066442   0.009389   0.075831   0.000000  -0.000000  -0.449282   0.000000   0.000000   41.0000     1.1530
    8.800     0.000   0.981379   0.067461   0.009404   0.076865   0.000000  -0.000000  -0.451918  -0.000000  -0.000000   41.0000     1.1508
    8.900     0.000   0.988800   0.068486   0.009418   0.077904   0.000000  -0.000000  -0.454552   0.000000   0.000000   41.0000     1.1487
    9.000     0.000   0.996217   0.069519   0.009432   0.078951   0.000000  -0.000000  -0.457181   0.000000   0.000000   41.0000     1.1466
    9.100     0.000   1.003583   0.070563   0.009448   0.080011   0.000000  -0.000000  -0.459790   0.000000   0.000000   41.0000     1.1445
    9.200     0.000   1.011011   0.071605   0.009444   0.081048   0.000000  -0.000000  -0.462426   0.000000  -0.000000   41.0000     1.1425
    9.300     0.000   1.018341   0.072658   0.009442   0.082100   0.000000  -0.000000  -0.465019   0.000000   0.000000   41.0000     1.1405
    9.400     0.000   1.025684   0.073713   0.009442   0.083155   0.000000  -0.000000  -0.467601  -0.000000  -0.000000   41.0000     1.1385
    9.500     0.000   1.033047   0.074768   0.009425   0.084193   0.000000  -0.000000  -0.470181  -0.000000  -0.000000   41.0000     1.1364
    9.600     0.000   1.040387   0.075844   0.009430   0.085273   0.000000   0.000000  -0.472773  -0.000000  -0.000000   41.0000     1.1345
    9.700     0.000   1.047736   0.076922   0.009424   0.086346   0.000000  -0.000000  -0.475367  -0.000000  -0.000000   41.0000     1.1326
    9.800     0.000   1.055048   0.078001   0.009401   0.087403   0.000000  -0.000000  -0.477936   0.000000   0.000000   41.0000     1.1307
    9.900     0.000   1.062423   0.079087   0.009388   0.088475   0.000000  -0.000000  -0.480536   0.000000   0.000000   41.0000     1.1288
   10.000     0.000   1.069766   0.080183   0.009361   0.089544   0.000000  -0.000000  -0.483140  -0.000000  -0.000000   41.0000     1.1270
   10.100     0.000   1.076575   0.081247   0.009305   0.090552   0.000000  -0.000000  -0.485424   0.000000   0.000000   41.0000     1.1250
   10.200     0.000   1.083945   0.082340   0.009273   0.091612   0.000000  -0.000000  -0.488000  -0.000000  -0.000000   41.0000     1.1231
   10.300     0.000   1.091471   0.083495   0.009262   0.092756   0.000000  -0.000000  -0.490717  -0.000000  -0.000000   41.0000     1.1214
   10.400     0.000   1.098145   0.084541   0.009206   0.093747   0.000000  -0.000000  -0.492856   0.000000   0.000000   41.0000     1.1193
   10.500     0.000   1.105722   0.085683   0.009199   0.094882   0.000000  -0.000000  -0.495563  -0.000000  -0.000000   41.0000     1.1176
   10.600     0.000   1.113218   0.086852   0.009198   0.096050   0.000000  -0.000000  -0.498251   0.000000   0.000000   41.0000     1.1160
   10.700     0.000   1.120499   0.087997   0.009189   0.097186   0.000000  -0.000000  -0.500789  -0.000000  -0.000000   41.0000     1.1142
   10.800     0.000   1.127840   0.089144   0.009195   0.098339   0.000000  -0.000000  -0.503351  -0.000000  -0.000000   41.0000     1.1125
   10.900     0.000   1.134791   0.090271   0.009184   0.099455   0.000000  -0.000000  -0.505667  -0.000000  -0.000000   41.0000     1.1106
   11.000     0.000   1.142101   0.091421   0.009191   0.100612   0.000000  -0.000000  -0.508183  -0.000000   0.000000   41.0000     1.1088
   11.100     0.000   1.149595   0.092630   0.009217   0.101847   0.000000  -0.000000  -0.510858  -0.000000  -0.000000   41.0000     1.1073
   11.200     0.000   1.156947   0.093811   0.009253   0.103063   0.000000  -0.000000  -0.513410  -0.000000  -0.000000   41.0000     1.1056
   11.300     0.000   1.164257   0.095000   0.009289   0.104289   0.000000  -0.000000  -0.515941  -0.000000  -0.000000   41.0000     1.1039
   11.400     0.000   1.171539   0.096194   0.009322   0.105516   0.000000  -0.000000  -0.518458  -0.000000   0.000000   41.0000     1.1023
   11.500     0.000   1.178826   0.097396   0.009355   0.106751   0.000000  -0.000000  -0.520976   0.000000   0.000000   41.0000     1.1006
   11.600     0.000   1.186120   0.098607   0.009388   0.107995   0.000000  -0.000000  -0.523499  -0.000000  -0.000000   41.0000     1.0990
   11.700     0.000   1.193388   0.099821   0.009419   0.109239   0.000000  -0.000000  -0.526006   0.000000   0.000000   41.0000     1.0974
   11.800     0.000   1.200533   0.101034   0.009440   0.110474   0.000000  -0.000000  -0.528437   0.000000   0.000000   41.0000     1.0957
   11.900     0.000   1.207664   0.102232   0.009457   0.111689   0.000000  -0.000000  -0.530829  -0.000000  -0.000000   41.0000     1.0941
   12.000     0.000   1.214974   0.103472   0.009485   0.112957   0.000000  -0.000000  -0.533362   0.000000   0.000000   41.0000     1.0925
   12.100     0.000   1.222309   0.104724   0.009520   0.114244   0.000000  -0.000000  -0.535911  -0.000000  -0.000000   41.0000     1.0910
   12.200     0.000   1.229543   0.105971   0.009562   0.115533   0.000000   0.000000  -0.538386  -0.000000  -0.000000   41.0000     1.0894
   12.300     0.000   1.236772   0.107223   0.009608   0.116831   0.000000  -0.000000  -0.540855  -0.000000  -0.000000   41.0000     1.0879
   12.400     0.000   1.243982   0.108480   0.009648   0.118127   0.000000   0.000000  -0.543314   0.000000   0.000000   41.0000     1.0864
   12.500     0.000   1.251176   0.109740   0.009689   0.119429   0.000000  -0.000000  -0.545761   0.000000  -0.000000   41.0000     1.0848
   12.600     0.000   1.258084   0.110995   0.009747   0.120742   0.000000  -0.000000  -0.548066  -0.000000  -0.000000   41.0000     1.0833
   12.700     0.000   1.264778   0.112185   0.009833   0.122018   0.000000  -0.000000  -0.550206   0.000000  -0.000000   41.0000     1.0816
   12.800     0.000   1.271337   0.113344   0.009938   0.123282   0.000000  -0.000000  -0.552250   0.000000   0.000000   41.0000     1.0799
   12.900     0.000   1.278073   0.114556   0.010015   0.124571   0.000000  -0.000000  -0.554398  -0.000000  -0.000000   41.0000     1.0782
   13.000     0.000   1.284712   0.115770   0.010117   0.125887   0.000000  -0.000000  -0.556503  -0.000000  -0.000000   41.0000     1.0765
   13.100     0.000   1.291366   0.116982   0.010229   0.127211   0.000000  -0.000000  -0.558616   0.000000  -0.000000   41.0000     1.0749
   13.200     0.000   1.298045   0.118220   0.010325   0.128545   0.000000  -0.000000  -0.560757  -0.000000  -0.000000   41.0000     1.0733
   13.300     0.000   1.304873   0.119453   0.010418   0.129871   0.000000  -0.000000  -0.562956  -0.000000  -0.000000   41.0000     1.0717
   13.400     0.000   1.311871   0.120713   0.010495   0.131208   0.000000  -0.000000  -0.565244  -0.000000  -0.000000   41.0000     1.0702
   13.500     0.000   1.318843   0.121997   0.010566   0.132563   0.000000  -0.000000  -0.567531  -0.000000  -0.000000   41.0000     1.0687
   13.600     0.000   1.325514   0.123253   0.010663   0.133916   0.000000  -0.000000  -0.569641  -0.000000  -0.000000   41.0000     1.0671
   13.700     0.000   1.332133   0.124483   0.010774   0.135257   0.000000  -0.000000  -0.571694  -0.000000  -0.000000   41.0000     1.0654
   13.800     0.000   1.338861   0.125746   0.010867   0.136613   0.000000  -0.000000  -0.573823  -0.000000  -0.000000   41.0000     1.0639
   13.900     0.000   1.345762   0.127046   0.010940   0.137986   0.000000  -0.000000  -0.576062  -0.000000  -0.000000   41.0000     1.0624
   14.000     0.000   1.352651   0.128353   0.011012   0.139365   0.000000  -0.000000  -0.578296   0.000000   0.000000   41.0000     1.0609
   14.100     0.000   1.359526   0.129665   0.011085   0.140750   0.000000  -0.000000  -0.580520  -0.000000  -0.000000   41.0000     1.0595
   14.200     0.000   1.366378   0.130980   0.011159   0.142139   0.000000  -0.000000  -0.582731   0.000000   0.000000   41.0000     1.0580
   14.300     0.000   1.372999   0.132314   0.011238   0.143552   0.000000  -0.000000  -0.584848  -0.000000  -0.000000   41.0000     1.0566
   14.400     0.000   1.379677   0.133585   0.011337   0.144923   0.000000  -0.000000  -0.586939  -0.000000  -0.000000   41.0000     1.0551
   14.500     0.000   1.386437   0.134858   0.011433   0.146291   0.000000  -0.000000  -0.589060   0.000000   0.000000   41.0000     1.0536
   14.600     0.000   1.393190   0.136183   0.011511   0.147694   0.000000  -0.000000  -0.591207  -0.000000  -0.000000   41.0000     1.0521
   14.700     0.000   1.399859   0.137495   0.011599   0.149094   0.000000  -0.000000  -0.593292   0.000000   0.000000   41.0000     1.0506
   14.800     0.000   1.406448   0.138798   0.011695   0.150494   0.000000  -0.000000  -0.595323  -0.000000  -0.000000   41.0000     1.0491
   14.900     0.000   1.413029   0.140106   0.011790   0.151896   0.000000  -0.000000  -0.597349   0.000000   0.000000   41.0000     1.0476
   15.000     0.000   1.419719   0.141438   0.011871   0.153309   0.000000  -0.000000  -0.599446  -0.000000  -0.000000   41.0000     1.0462
   15.100     0.000   1.426381   0.142774   0.011951   0.154725   0.000000  -0.000000  -0.601527  -0.000000  -0.000000   41.0000     1.0448
   15.200     0.000   1.432997   0.144108   0.012032   0.156140   0.000000  -0.000000  -0.603580   0.000000   0.000000   41.0000     1.0433
   15.300     0.000   1.439565   0.145439   0.012114   0.157553   0.000000  -0.000000  -0.605603  -0.000000  -0.000000   41.0000     1.0419
   15.400     0.000   1.446093   0.146769   0.012197   0.158966   0.000000  -0.000000  -0.607600  -0.000000  -0.000000   41.0000     1.0405
   15.500     0.000   1.452590   0.148099   0.012281   0.160379   0.000000  -0.000000  -0.609577  -0.000000  -0.000000   41.0000     1.0390
   15.600     0.000   1.459059   0.149429   0.012365   0.161794   0.000000  -0.000000  -0.611536  -0.000000  -0.000000   41.0000     1.0376
   15.700     0.000   1.465504   0.150760   0.012449   0.163210   0.000000   0.000000  -0.613480  -0.000000  -0.000000   41.0000     1.0361
   15.800     0.000   1.472086   0.152133   0.012518   0.164651   0.000000  -0.000000  -0.615514   0.000000   0.000000   41.0000     1.0348
   15.900     0.000   1.478635   0.153484   0.012593   0.166077   0.000000   0.000000  -0.617509   0.000000   0.000000   41.0000     1.0334
   16.000     0.000   1.485048   0.154839   0.012672   0.167512   0.000000  -0.000000  -0.619439  -0.000000  -0.000000   41.0000     1.0320
   16.100     0.000   1.491583   0.156196   0.012745   0.168941   0.000000  -0.000000  -0.621418   0.000000  -0.000000   41.0000     1.0306
   16.200     0.000   1.497904   0.157535   0.012825   0.170359   0.000000   0.000000  -0.623282   0.000000   0.000000   41.0000     1.0291
   16.300     0.000   1.504302   0.158890   0.012895   0.171785   0.000000  -0.000000  -0.625190   0.000000   0.000000   41.0000     1.0277
   16.400     0.000   1.510510   0.160204   0.012984   0.173188   0.000000  -0.000000  -0.626973  -0.000000  -0.000000   41.0000     1.0263
   16.500     0.000   1.516704   0.161543   0.013067   0.174610   0.000000  -0.000000  -0.628758  -0.000000  -0.000000   41.0000     1.0248
   16.600     0.000   1.522837   0.162865   0.013154   0.176019   0.000000  -0.000000  -0.630496   0.000000   0.000000   41.0000     1.0234
   16.700     0.000   1.528815   0.164149   0.013252   0.177401   0.000000  -0.000000  -0.632132  -0.000000  -0.000000   41.0000     1.0218
   16.800     0.000   1.534713   0.165430   0.013353   0.178783   0.000000  -0.000000  -0.633725  -0.000000  -0.000000   41.0000     1.0203
   16.900     0.000   1.540628   0.166720   0.013451   0.180171   0.000000  -0.000000  -0.635332  -0.000000  -0.000000   41.0000     1.0188
   17.000     0.000   1.546424   0.168016   0.013551   0.181568   0.000000  -0.000000  -0.636895   0.000000   0.000000   41.0000     1.0173
   17.100     0.000   1.552273   0.169290   0.013655   0.182945   0.000000  -0.000000  -0.638469  -0.000000   0.000000   41.0000     1.0158
   17.200     0.000   1.558024   0.170528   0.013772   0.184300   0.000000  -0.000000  -0.639964  -0.000000  -0.000000   41.0000     1.0143
   17.300     0.000   1.563670   0.171789   0.013883   0.185672   0.000000  -0.000000  -0.641420  -0.000000  -0.000000   41.0000     1.0128
   17.400     0.000   1.569123   0.173013   0.014001   0.187014   0.000000  -0.000000  -0.642763  -0.000000  -0.000000   41.0000     1.0112
   17.500     0.000   1.574431   0.174209   0.014122   0.188332   0.000000  -0.000000  -0.644019   0.000000   0.000000   41.0000     1.0096
   17.600     0.000   1.579766   0.175397   0.014244   0.189641   0.000000  -0.000000  -0.645275   0.000000  -0.000000   41.0000     1.0079
   17.700     0.000   1.585014   0.176581   0.014366   0.190947   0.000000  -0.000000  -0.646485  -0.000000  -0.000000   41.0000     1.0063
   17.800     0.000   1.590228   0.177764   0.014491   0.192256   0.000000  -0.000000  -0.647680   0.000000  -0.000000   41.0000     1.0047
   17.900     0.000   1.595284   0.178970   0.014616   0.193586   0.000000  -0.000000  -0.648821  -0.000000  -0.000000   41.0000     1.0031
   18.000     0.000   1.600145   0.180065   0.014756   0.194822   0.000000  -0.000000  -0.649810  -0.000000  -0.000000   41.0000     1.0014
   18.100     0.000   1.604689   0.181137   0.014909   0.196047   0.000000  -0.000000  -0.650648  -0.000000  -0.000000   41.0000     0.9997
   18.200     0.000   1.609560   0.182243   0.015066   0.197309   0.000000  -0.000000  -0.651650  -0.000000  -0.000000   41.0000     0.9980
   18.300     0.000   1.614453   0.183370   0.015220   0.198590   0.000000  -0.000000  -0.652670  -0.000000  -0.000000   41.0000     0.9964
   18.400     0.000   1.618833   0.184444   0.015400   0.199844   0.000000  -0.000000  -0.653465  -0.000000  -0.000000   41.0000     0.9947
   18.500     0.000   1.623217   0.185468   0.015594   0.201062   0.000000  -0.000000  -0.654244   0.000000  -0.000000   41.0000     0.9930
   18.600     0.000   1.627869   0.186534   0.015770   0.202304   0.000000  -0.000000  -0.655143   0.000000  -0.000000   41.0000     0.9913
   18.700     0.000   1.631988   0.187547   0.015958   0.203505   0.000000  -0.000000  -0.655768  -0.000000  -0.000000   41.0000     0.9896
   18.800     0.000   1.636757   0.188645   0.016140   0.204785   0.000000  -0.000000  -0.656737  -0.000000  -0.000000   41.0000     0.9880
   18.900     0.000   1.641598   0.189776   0.016321   0.206097   0.000000  -0.000000  -0.657763  -0.000000  -0.000000   41.0000     0.9864
   19.000     0.000   1.645315   0.190845   0.016545   0.207391   0.000000  -0.000000  -0.658318  -0.000000  -0.000000   41.0000     0.9848
   19.100     0.000   1.649412   0.191737   0.016798   0.208534   0.000000  -0.000000  -0.658926  -0.000000  -0.000000   41.0000     0.9831
   19.200     0.000   1.652609   0.192560   0.017088   0.209647   0.000000  -0.000000  -0.659138   0.000000   0.000000   41.0000     0.9813
   19.300     0.000   1.657426   0.193645   0.017281   0.210926   0.000000  -0.000000  -0.660120   0.000000  -0.000000   41.0000     0.9797
   19.400     0.000   1.662161   0.194758   0.017471   0.212229   0.000000  -0.000000  -0.661080  -0.000000  -0.000000   41.0000     0.9781
   19.500     0.000   1.666819   0.195889   0.017663   0.213552   0.000000  -0.000000  -0.662020  -0.000000  -0.000000   41.0000     0.9766
   19.600     0.000   1.671103   0.196922   0.017880   0.214802   0.000000  -0.000000  -0.662753   0.000000   0.000000   41.0000     0.9749
   19.700     0.000   1.675098   0.197844   0.018111   0.215956   0.000000  -0.000000  -0.663285  -0.000000  -0.000000   41.0000     0.9732
   19.800     0.000   1.676773   0.198418   0.018480   0.216898   0.000000  -0.000000  -0.662714   0.000000  -0.000000   41.0000     0.9711
   19.900     0.000   1.681293   0.199424   0.018702   0.218126   0.000000  -0.000000  -0.663526  -0.000000  -0.000000   41.0000     0.9695
   20.000     0.000   1.685839   0.200499   0.018918   0.219417   0.000000  -0.000000  -0.664399  -0.000000  -0.000000   41.0000     0.9680
   20.100     0.000   1.690341   0.201586   0.019136   0.220722   0.000000  -0.000000  -0.665267  -0.000000  -0.000000   41.0000     0.9664
   20.200     0.000   1.694662   0.202652   0.019363   0.222015   0.000000  -0.000000  -0.666045  -0.000000  -0.000000   41.0000     0.9649
   20.300     0.000   1.699000   0.203715   0.019597   0.223312   0.000000  -0.000000  -0.666840  -0.000000  -0.000000   41.0000     0.9634
   20.400     0.000   1.703368   0.204775   0.019839   0.224614   0.000000  -0.000000  -0.667661   0.000000  -0.000000   41.0000     0.9619
   20.500     0.000   1.707625   0.205826   0.020089   0.225916   0.000000  -0.000000  -0.668442   0.000000   0.000000   41.0000     0.9604
   20.600     0.000   1.710518   0.206661   0.020464   0.227125   0.000000  -0.000000  -0.668672   0.000000  -0.000000   41.0000     0.9589
   20.700     0.000   1.713939   0.207561   0.020790   0.228351   0.000000  -0.000000  -0.669105  -0.000000  -0.000000   41.0000     0.9574
   20.800     0.000   1.717227   0.208321   0.021124   0.229445   0.000000  -0.000000  -0.669387   0.000000  -0.000000   41.0000     0.9557
   20.900     0.000   1.719276   0.208871   0.021528   0.230399   0.000000  -0.000000  -0.669021  -0.000000  -0.000000   41.0000     0.9538
   21.000     0.000   1.723323   0.209823   0.021828   0.231650   0.000000  -0.000000  -0.669706  -0.000000  -0.000000   41.0000     0.9523
   21.100     0.000   1.725504   0.210605   0.022290   0.232894   0.000000  -0.000000  -0.669714   0.000000  -0.000000   41.0000     0.9509
   21.200     0.000   1.729249   0.211453   0.022633   0.234087   0.000000  -0.000000  -0.670257  -0.000000  -0.000000   41.0000     0.9493
   21.300     0.000   1.731016   0.211998   0.023134   0.235132   0.000000  -0.000000  -0.669965  -0.000000  -0.000000   41.0000     0.9477
   21.400     0.000   1.732134   0.212433   0.023752   0.236185   0.000000  -0.000000  -0.669511  -0.000000  -0.000000   41.0000     0.9461
   21.500     0.000   1.736034   0.213309   0.024109   0.237417   0.000000  -0.000000  -0.670164  -0.000000  -0.000000   41.0000     0.9447
   21.600     0.000   1.739663   0.214189   0.024476   0.238665   0.000000  -0.000000  -0.670719  -0.000000  -0.000000   41.0000     0.9433
   21.700     0.000   1.740564   0.214730   0.025190   0.239920   0.000000  -0.000000  -0.670357  -0.000000  -0.000000   41.0000     0.9420
   21.800     0.000   1.742099   0.215253   0.025845   0.241097   0.000000   0.000000  -0.670171  -0.000000  -0.000000   41.0000     0.9406
   21.900     0.000   1.745129   0.215990   0.026316   0.242305   0.000000   0.000000  -0.670510  -0.000000  -0.000000   41.0000     0.9392
