  -20.300     0.000  -1.364016   0.102268   0.015115   0.117383   0.000000   0.000000   0.481721  -0.000000  -0.000000  144.0000     0.6747
  -20.200     0.000  -1.361766   0.101804   0.014900   0.116704   0.000000   0.000000   0.481802  -0.000000  -0.000000  144.0000     0.6760
  -20.100     0.000  -1.361514   0.101626   0.014673   0.116299   0.000000   0.000000   0.483128  -0.000000  -0.000000  144.0000     0.6780
  -20.000     0.000  -1.358527   0.101193   0.014466   0.115659   0.000000   0.000000   0.482930  -0.000000  -0.000000  144.0000     0.6792
  -19.900     0.000  -1.358144   0.101025   0.014259   0.115284   0.000000  -0.000000   0.484241  -0.000000  -0.000000  144.0000     0.6814
  -19.800     0.000  -1.358071   0.100977   0.014078   0.115054   0.000000   0.000000   0.485887   0.000000   0.000000  144.0000     0.6839
  -19.700     0.000  -1.358172   0.100839   0.013869   0.114709   0.000000   0.000000   0.487555   0.000000   0.000000  144.0000     0.6861
  -19.600     0.000  -1.354799   0.100362   0.013698   0.114060   0.000000   0.000000   0.487204   0.000000   0.000000  144.0000     0.6873
  -19.500     0.000  -1.351154   0.099807   0.013535   0.113342   0.000000   0.000000   0.486657   0.000000   0.000000  144.0000     0.6885
  -19.400     0.000  -1.347350   0.099222   0.013378   0.112600   0.000000   0.000000   0.486027   0.000000   0.000000  144.0000     0.6896
  -19.300     0.000  -1.348021   0.099123   0.013232   0.112355   0.000000   0.000000   0.488078   0.000000   0.000000  144.0000     0.6924
  -19.200     0.000  -1.343310   0.098507   0.013080   0.111587   0.000000   0.000000   0.486979   0.000000   0.000000  144.0000     0.6934
  -19.100     0.000  -1.338221   0.097766   0.012946   0.110712   0.000000   0.000000   0.485607   0.000000   0.000000  144.0000     0.6941
  -19.000     0.000  -1.334205   0.097102   0.012810   0.109912   0.000000   0.000000   0.484839   0.000000   0.000000  144.0000     0.6952
  -18.900     0.000  -1.331476   0.096595   0.012688   0.109283   0.000000   0.000000   0.484889  -0.000000  -0.000000  144.0000     0.6968
  -18.800     0.000  -1.326328   0.095920   0.012563   0.108483   0.000000   0.000000   0.483576  -0.000000  -0.000000  144.0000     0.6977
  -18.700     0.000  -1.320165   0.095074   0.012444   0.107519   0.000000   0.000000   0.481591  -0.000000  -0.000000  144.0000     0.6981
  -18.600     0.000  -1.314005   0.094185   0.012336   0.106521   0.000000   0.000000   0.479577  -0.000000  -0.000000  144.0000     0.6984
  -18.500     0.000  -1.307790   0.093289   0.012231   0.105520   0.000000   0.000000   0.477532   0.000000   0.000000  144.0000     0.6988
  -18.400     0.000  -1.301527   0.092391   0.012129   0.104520   0.000000   0.000000   0.475460   0.000000   0.000000  144.0000     0.6991
  -18.300     0.000  -1.295231   0.091492   0.012029   0.103521   0.000000   0.000000   0.473367   0.000000   0.000000  144.0000     0.6994
  -18.200     0.000  -1.288873   0.090590   0.011931   0.102521   0.000000   0.000000   0.471239  -0.000000  -0.000000  144.0000     0.6997
  -18.100     0.000  -1.282438   0.089683   0.011837   0.101520   0.000000   0.000000   0.469067  -0.000000  -0.000000  144.0000     0.7000
  -18.000     0.000  -1.275900   0.088777   0.011743   0.100521   0.000000   0.000000   0.466840   0.000000   0.000000  144.0000     0.7002
  -17.900     0.000  -1.269443   0.087865   0.011650   0.099516   0.000000   0.000000   0.464640   0.000000   0.000000  144.0000     0.7005
  -17.800     0.000  -1.262887   0.086953   0.011559   0.098512   0.000000   0.000000   0.462388   0.000000  -0.000000  144.0000     0.7007
  -17.700     0.000  -1.256092   0.086019   0.011470   0.097489   0.000000   0.000000   0.459991   0.000000   0.000000  144.0000     0.7008
  -17.600     0.000  -1.249227   0.085080   0.011381   0.096460   0.000000   0.000000   0.457547   0.000000   0.000000  144.0000     0.7009
  -17.500     0.000  -1.242403   0.084148   0.011294   0.095442   0.000000   0.000000   0.455129   0.000000   0.000000  144.0000     0.7011
  -17.400     0.000  -1.235500   0.083212   0.011209   0.094421   0.000000   0.000000   0.452664  -0.000000  -0.000000  144.0000     0.7012
  -17.300     0.000  -1.228465   0.082267   0.011125   0.093392   0.000000   0.000000   0.450115   0.000000   0.000000  144.0000     0.7012
  -17.200     0.000  -1.221337   0.081316   0.011042   0.092358   0.000000   0.000000   0.447506   0.000000   0.000000  144.0000     0.7012
  -17.100     0.000  -1.214248   0.080373   0.010962   0.091335   0.000000   0.000000   0.444922   0.000000   0.000000  144.0000     0.7012
  -17.000     0.000  -1.207096   0.079427   0.010886   0.090313   0.000000   0.000000   0.442301  -0.000000  -0.000000  144.0000     0.7012
  -16.900     0.000  -1.199887   0.078481   0.010810   0.089290   0.000000   0.000000   0.439641   0.000000  -0.000000  144.0000     0.7012
  -16.800     0.000  -1.192671   0.077538   0.010735   0.088272   0.000000   0.000000   0.436975   0.000000   0.000000  144.0000     0.7012
  -16.700     0.000  -1.185450   0.076599   0.010661   0.087260   0.000000   0.000000   0.434305   0.000000  -0.000000  144.0000     0.7011
  -16.600     0.000  -1.178115   0.075654   0.010587   0.086241   0.000000   0.000000   0.431562  -0.000000  -0.000000  144.0000     0.7010
  -16.500     0.000  -1.170605   0.074695   0.010514   0.085209   0.000000   0.000000   0.428710   0.000000   0.000000  144.0000     0.7008
  -16.400     0.000  -1.163097   0.073730   0.010443   0.084173   0.000000   0.000000   0.425846  -0.000000  -0.000000  144.0000     0.7006
  -16.300     0.000  -1.155477   0.072777   0.010371   0.083148   0.000000   0.000000   0.422927   0.000000   0.000000  144.0000     0.7004
  -16.200     0.000  -1.147882   0.071815   0.010302   0.082117   0.000000   0.000000   0.420005  -0.000000  -0.000000  144.0000     0.7001
  -16.100     0.000  -1.140219   0.070859   0.010235   0.081094   0.000000   0.000000   0.417047   0.000000   0.000000  144.0000     0.6998
  -16.000     0.000  -1.132524   0.069906   0.010169   0.080076   0.000000   0.000000   0.414068   0.000000   0.000000  144.0000     0.6995
  -15.900     0.000  -1.124805   0.068958   0.010105   0.079063   0.000000   0.000000   0.411073   0.000000   0.000000  144.0000     0.6992
  -15.800     0.000  -1.117061   0.068014   0.010043   0.078056   0.000000   0.000000   0.408062   0.000000   0.000000  144.0000     0.6989
  -15.700     0.000  -1.109288   0.067073   0.009983   0.077055   0.000000   0.000000   0.405030   0.000000  -0.000000  144.0000     0.6985
  -15.600     0.000  -1.101492   0.066135   0.009924   0.076059   0.000000   0.000000   0.401983   0.000000   0.000000  144.0000     0.6981
  -15.500     0.000  -1.093681   0.065203   0.009866   0.075069   0.000000   0.000000   0.398923  -0.000000  -0.000000  144.0000     0.6977
  -15.400     0.000  -1.085849   0.064275   0.009809   0.074083   0.000000   0.000000   0.395848  -0.000000  -0.000000  144.0000     0.6973
  -15.300     0.000  -1.077994   0.063351   0.009751   0.073102   0.000000   0.000000   0.392757   0.000000   0.000000  144.0000     0.6968
  -15.200     0.000  -1.070126   0.062432   0.009694   0.072126   0.000000   0.000000   0.389656   0.000000   0.000000  144.0000     0.6964
  -15.100     0.000  -1.062245   0.061519   0.009636   0.071155   0.000000   0.000000   0.386545   0.000000   0.000000  144.0000     0.6959
  -15.000     0.000  -1.054357   0.060612   0.009576   0.070188   0.000000   0.000000   0.383427   0.000000   0.000000  144.0000     0.6954
  -14.900     0.000  -1.046478   0.059714   0.009511   0.069225   0.000000   0.000000   0.380313   0.000000   0.000000  144.0000     0.6949
  -14.800     0.000  -1.038579   0.058819   0.009447   0.068266   0.000000   0.000000   0.377185   0.000000   0.000000  144.0000     0.6944
  -14.700     0.000  -1.030630   0.057926   0.009388   0.067314   0.000000   0.000000   0.374024  -0.000000  -0.000000  144.0000     0.6938
  -14.600     0.000  -1.022674   0.057037   0.009330   0.066368   0.000000   0.000000   0.370858   0.000000   0.000000  144.0000     0.6933
  -14.500     0.000  -1.014705   0.056155   0.009273   0.065427   0.000000   0.000000   0.367681   0.000000   0.000000  144.0000     0.6927
  -14.400     0.000  -1.006722   0.055277   0.009215   0.064493   0.000000   0.000000   0.364494  -0.000000  -0.000000  144.0000     0.6921
  -14.300     0.000  -0.998728   0.054406   0.009159   0.063565   0.000000   0.000000   0.361298  -0.000000  -0.000000  144.0000     0.6914
  -14.200     0.000  -0.990723   0.053540   0.009103   0.062643   0.000000   0.000000   0.358094  -0.000000  -0.000000  144.0000     0.6908
  -14.100     0.000  -0.982705   0.052680   0.009048   0.061728   0.000000   0.000000   0.354880   0.000000   0.000000  144.0000     0.6901
  -14.000     0.000  -0.974675   0.051826   0.008994   0.060820   0.000000   0.000000   0.351656   0.000000   0.000000  144.0000     0.6894
  -13.900     0.000  -0.966631   0.050977   0.008941   0.059918   0.000000   0.000000   0.348421   0.000000   0.000000  144.0000     0.6887
  -13.800     0.000  -0.958574   0.050134   0.008889   0.059023   0.000000   0.000000   0.345176   0.000000   0.000000  144.0000     0.6879
  -13.700     0.000  -0.950504   0.049297   0.008837   0.058134   0.000000   0.000000   0.341921   0.000000   0.000000  144.0000     0.6871
  -13.600     0.000  -0.942422   0.048466   0.008786   0.057251   0.000000   0.000000   0.338657   0.000000  -0.000000  144.0000     0.6863
  -13.500     0.000  -0.934378   0.047636   0.008735   0.056371   0.000000   0.000000   0.335404   0.000000   0.000000  144.0000     0.6855
  -13.400     0.000  -0.926303   0.046818   0.008680   0.055498   0.000000   0.000000   0.332138   0.000000   0.000000  144.0000     0.6847
  -13.300     0.000  -0.918144   0.046019   0.008622   0.054641   0.000000   0.000000   0.328838   0.000000   0.000000  144.0000     0.6839
  -13.200     0.000  -0.910034   0.045207   0.008575   0.053783   0.000000   0.000000   0.325543   0.000000   0.000000  144.0000     0.6830
  -13.100     0.000  -0.901893   0.044404   0.008531   0.052935   0.000000   0.000000   0.322231   0.000000  -0.000000  144.0000     0.6821
  -13.000     0.000  -0.893739   0.043608   0.008488   0.052096   0.000000   0.000000   0.318910   0.000000  -0.000000  144.0000     0.6811
  -12.900     0.000  -0.885584   0.042819   0.008444   0.051263   0.000000   0.000000   0.315587   0.000000   0.000000  144.0000     0.6802
  -12.800     0.000  -0.877437   0.042038   0.008396   0.050434   0.000000   0.000000   0.312266   0.000000   0.000000  144.0000     0.6792
  -12.700     0.000  -0.869350   0.041262   0.008345   0.049607   0.000000   0.000000   0.308970   0.000000   0.000000  144.0000     0.6782
  -12.600     0.000  -0.861186   0.040501   0.008290   0.048791   0.000000   0.000000   0.305642   0.000000  -0.000000  144.0000     0.6771
  -12.500     0.000  -0.852992   0.039739   0.008244   0.047983   0.000000   0.000000   0.302289   0.000000   0.000000  144.0000     0.6761
  -12.400     0.000  -0.844806   0.038985   0.008196   0.047180   0.000000   0.000000   0.298937   0.000000   0.000000  144.0000     0.6749
  -12.300     0.000  -0.836632   0.038237   0.008145   0.046382   0.000000   0.000000   0.295590   0.000000   0.000000  144.0000     0.6738
  -12.200     0.000  -0.828408   0.037493   0.008101   0.045594   0.000000   0.000000   0.292212   0.000000   0.000000  144.0000     0.6726
  -12.100     0.000  -0.820157   0.036754   0.008060   0.044815   0.000000   0.000000   0.288816   0.000000   0.000000  144.0000     0.6714
  -12.000     0.000  -0.811896   0.036022   0.008019   0.044041   0.000000   0.000000   0.285413   0.000000   0.000000  144.0000     0.6701
  -11.900     0.000  -0.803636   0.035297   0.007977   0.043274   0.000000   0.000000   0.282007   0.000000   0.000000  144.0000     0.6688
  -11.800     0.000  -0.795371   0.034579   0.007934   0.042513   0.000000   0.000000   0.278597  -0.000000  -0.000000  144.0000     0.6675
  -11.700     0.000  -0.787097   0.033867   0.007891   0.041758   0.000000   0.000000   0.275179   0.000000   0.000000  144.0000     0.6661
  -11.600     0.000  -0.778815   0.033163   0.007848   0.041011   0.000000   0.000000   0.271754   0.000000   0.000000  144.0000     0.6647
  -11.500     0.000  -0.770525   0.032465   0.007805   0.040270   0.000000   0.000000   0.268324  -0.000000  -0.000000  144.0000     0.6632
  -11.400     0.000  -0.762228   0.031774   0.007763   0.039536   0.000000   0.000000   0.264886   0.000000   0.000000  144.0000     0.6617
  -11.300     0.000  -0.753923   0.031089   0.007721   0.038810   0.000000   0.000000   0.261443   0.000000   0.000000  144.0000     0.6601
  -11.200     0.000  -0.745612   0.030412   0.007680   0.038092   0.000000   0.000000   0.257994  -0.000000  -0.000000  144.0000     0.6585
  -11.100     0.000  -0.737293   0.029742   0.007639   0.037380   0.000000   0.000000   0.254539   0.000000   0.000000  144.0000     0.6569
  -11.000     0.000  -0.728967   0.029078   0.007599   0.036677   0.000000   0.000000   0.251078   0.000000   0.000000  144.0000     0.6552
  -10.900     0.000  -0.720635   0.028422   0.007560   0.035981   0.000000   0.000000   0.247611   0.000000   0.000000  144.0000     0.6535
  -10.800     0.000  -0.712298   0.027772   0.007521   0.035294   0.000000   0.000000   0.244139   0.000000   0.000000  144.0000     0.6517
  -10.700     0.000  -0.703952   0.027130   0.007485   0.034615   0.000000   0.000000   0.240661  -0.000000  -0.000000  144.0000     0.6498
  -10.600     0.000  -0.695599   0.026494   0.007451   0.033945   0.000000   0.000000   0.237176   0.000000   0.000000  144.0000     0.6479
  -10.500     0.000  -0.687235   0.025865   0.007422   0.033287   0.000000   0.000000   0.233683   0.000000   0.000000  144.0000     0.6460
  -10.400     0.000  -0.678887   0.025245   0.007387   0.032632   0.000000   0.000000   0.230197   0.000000   0.000000  144.0000     0.6440
  -10.300     0.000  -0.670543   0.024633   0.007351   0.031984   0.000000   0.000000   0.226712   0.000000   0.000000  144.0000     0.6419
  -10.200     0.000  -0.662194   0.024028   0.007317   0.031344   0.000000   0.000000   0.223222   0.000000   0.000000  144.0000     0.6398
  -10.100     0.000  -0.653838   0.023430   0.007283   0.030713   0.000000   0.000000   0.219726   0.000000   0.000000  144.0000     0.6376
  -10.000     0.000  -0.645475   0.022839   0.007250   0.030090   0.000000   0.000000   0.216224   0.000000  -0.000000  144.0000     0.6353
   -9.900     0.000  -0.637098   0.022255   0.007221   0.029476   0.000000   0.000000   0.212714   0.000000   0.000000  144.0000     0.6329
   -9.800     0.000  -0.628716   0.021678   0.007190   0.028869   0.000000   0.000000   0.209198   0.000000   0.000000  144.0000     0.6305
   -9.700     0.000  -0.620327   0.021109   0.007160   0.028268   0.000000   0.000000   0.205678   0.000000   0.000000  144.0000     0.6280
   -9.600     0.000  -0.611932   0.020546   0.007131   0.027677   0.000000   0.000000   0.202151   0.000000  -0.000000  144.0000     0.6254
   -9.500     0.000  -0.603512   0.019989   0.007108   0.027097   0.000000   0.000000   0.198609   0.000000   0.000000  144.0000     0.6227
   -9.400     0.000  -0.595155   0.019438   0.007080   0.026519   0.000000   0.000000   0.195093   0.000000   0.000000  144.0000     0.6199
   -9.300     0.000  -0.586720   0.018901   0.007046   0.025948   0.000000   0.000000   0.191544   0.000000   0.000000  144.0000     0.6170
   -9.200     0.000  -0.578306   0.018369   0.007013   0.025382   0.000000   0.000000   0.188000   0.000000   0.000000  144.0000     0.6141
   -9.100     0.000  -0.569933   0.017841   0.006982   0.024822   0.000000   0.000000   0.184471   0.000000   0.000000  144.0000     0.6110
   -9.000     0.000  -0.561443   0.017323   0.006958   0.024281   0.000000   0.000000   0.180886   0.000000  -0.000000  144.0000     0.6078
   -8.900     0.000  -0.553049   0.016809   0.006930   0.023740   0.000000   0.000000   0.177341   0.000000   0.000000  144.0000     0.6045
   -8.800     0.000  -0.544573   0.016308   0.006899   0.023207   0.000000   0.000000   0.173760  -0.000000  -0.000000  144.0000     0.6011
   -8.700     0.000  -0.536127   0.015813   0.006867   0.022680   0.000000   0.000000   0.170190   0.000000   0.000000  144.0000     0.5975
   -8.600     0.000  -0.527704   0.015325   0.006831   0.022156   0.000000   0.000000   0.166629   0.000000   0.000000  144.0000     0.5939
   -8.500     0.000  -0.519273   0.014845   0.006798   0.021643   0.000000   0.000000   0.163061   0.000000   0.000000  144.0000     0.5900
   -8.400     0.000  -0.510839   0.014372   0.006765   0.021137   0.000000   0.000000   0.159490   0.000000   0.000000  144.0000     0.5861
   -8.300     0.000  -0.502394   0.013907   0.006734   0.020640   0.000000   0.000000   0.155912   0.000000   0.000000  144.0000     0.5821
   -8.200     0.000  -0.493934   0.013448   0.006710   0.020158   0.000000   0.000000   0.152321   0.000000   0.000000  144.0000     0.5779
   -8.100     0.000  -0.485476   0.012997   0.006683   0.019680   0.000000   0.000000   0.148728   0.000000   0.000000  144.0000     0.5736
   -8.000     0.000  -0.477043   0.012555   0.006641   0.019196   0.000000   0.000000   0.145148   0.000000   0.000000  144.0000     0.5690
   -7.900     0.000  -0.468597   0.012120   0.006606   0.018726   0.000000   0.000000   0.141564   0.000000   0.000000  144.0000     0.5643
   -7.800     0.000  -0.460144   0.011693   0.006573   0.018266   0.000000   0.000000   0.137978   0.000000   0.000000  144.0000     0.5594
   -7.700     0.000  -0.451688   0.011273   0.006542   0.017815   0.000000   0.000000   0.134389   0.000000   0.000000  144.0000     0.5543
   -7.600     0.000  -0.443232   0.010861   0.006509   0.017370   0.000000   0.000000   0.130800  -0.000000  -0.000000  144.0000     0.5489
   -7.500     0.000  -0.434772   0.010457   0.006476   0.016933   0.000000   0.000000   0.127207   0.000000   0.000000  144.0000     0.5433
   -7.400     0.000  -0.426310   0.010060   0.006445   0.016505   0.000000   0.000000   0.123611   0.000000   0.000000  144.0000     0.5373
   -7.300     0.000  -0.417845   0.009671   0.006418   0.016088   0.000000  -0.000000   0.120012   0.000000   0.000000  144.0000     0.5312
   -7.200     0.000  -0.409381   0.009289   0.006393   0.015682   0.000000   0.000000   0.116412   0.000000  -0.000000  144.0000     0.5231
   -7.100     0.000  -0.400920   0.008916   0.006371   0.015286   0.000000   0.000000   0.112812   0.000000   0.000000  144.0000     0.5136
   -7.000     0.000  -0.392460   0.008550   0.006350   0.014900   0.000000   0.000000   0.109211   0.000000   0.000000  144.0000     0.5036
   -6.900     0.000  -0.384002   0.008192   0.006328   0.014520   0.000000   0.000000   0.105611   0.000000  -0.000000  144.0000     0.4938
   -6.800     0.000  -0.375546   0.007841   0.006306   0.014147   0.000000   0.000000   0.102010   0.000000  -0.000000  144.0000     0.4896
   -6.700     0.000  -0.367082   0.007499   0.006284   0.013782   0.000000   0.000000   0.098405   0.000000   0.000000  144.0000     0.4851
   -6.600     0.000  -0.358660   0.007161   0.006267   0.013429   0.000000   0.000000   0.094814   0.000000   0.000000  144.0000     0.4801
   -6.500     0.000  -0.350158   0.006836   0.006243   0.013079   0.000000   0.000000   0.091189   0.000000   0.000000  144.0000     0.4727
   -6.400     0.000  -0.341681   0.006516   0.006215   0.012732   0.000000   0.000000   0.087575   0.000000   0.000000  144.0000     0.4632
   -6.300     0.000  -0.333207   0.006204   0.006188   0.012392   0.000000   0.000000   0.083960   0.000000  -0.000000  144.0000     0.4532
   -6.200     0.000  -0.324733   0.005900   0.006153   0.012053   0.000000   0.000000   0.080346   0.000000   0.000000  144.0000     0.4430
   -6.100     0.000  -0.316250   0.005603   0.006119   0.011722   0.000000   0.000000   0.076727   0.000000  -0.000000  144.0000     0.4323
   -6.000     0.000  -0.307803   0.005312   0.006093   0.011405   0.000000   0.000000   0.073120   0.000000   0.000000  144.0000     0.4208
   -5.900     0.000  -0.299268   0.005031   0.006077   0.011109   0.000000   0.000000   0.069469   0.000000   0.000000  144.0000     0.4090
   -5.800     0.000  -0.290756   0.004758   0.006068   0.010826   0.000000   0.000000   0.065824   0.000000  -0.000000  144.0000     0.3966
   -5.700     0.000  -0.282297   0.004490   0.006061   0.010551   0.000000   0.000000   0.062202   0.000000   0.000000  144.0000     0.3842
   -5.600     0.000  -0.273761   0.004233   0.006050   0.010283   0.000000   0.000000   0.058547   0.000000   0.000000  144.0000     0.3720
   -5.500     0.000  -0.265262   0.003983   0.006034   0.010017   0.000000   0.000000   0.054910   0.000000   0.000000  144.0000     0.3598
   -5.400     0.000  -0.256774   0.003741   0.006016   0.009756   0.000000   0.000000   0.051277   0.000000   0.000000  144.0000     0.3467
   -5.300     0.000  -0.248287   0.003506   0.005995   0.009501   0.000000   0.000000   0.047643   0.000000   0.000000  144.0000     0.3318
   -5.200     0.000  -0.239797   0.003279   0.005974   0.009253   0.000000   0.000000   0.044007   0.000000   0.000000  144.0000     0.3147
   -5.100     0.000  -0.231306   0.003060   0.005952   0.009012   0.000000   0.000000   0.040369   0.000000   0.000000  144.0000     0.2952
   -5.000     0.000  -0.222812   0.002849   0.005931   0.008780   0.000000   0.000000   0.036729   0.000000   0.000000  144.0000     0.2722
   -4.900     0.000  -0.214315   0.002645   0.005910   0.008555   0.000000   0.000000   0.033086   0.000000   0.000000  144.0000     0.2452
   -4.800     0.000  -0.205817   0.002449   0.005886   0.008336   0.000000   0.000000   0.029440   0.000000   0.000000  144.0000     0.1772
   -4.700     0.000  -0.197314   0.002261   0.005861   0.008123   0.000000   0.000000   0.025789   0.000000   0.000000  144.0000     0.0711
   -4.600     0.000  -0.188809   0.002081   0.005831   0.007912   0.000000   0.000000   0.022131   0.000000   0.000000  144.0000     0.0428
   -4.500     0.000  -0.180302   0.001908   0.005795   0.007703   0.000000   0.000000   0.018466   0.000000   0.000000  144.0000     0.0835
   -4.400     0.000  -0.171794   0.001744   0.005762   0.007505   0.000000   0.000000   0.014802   0.000000   0.000000  144.0000     0.0696
   -4.300     0.000  -0.163290   0.001587   0.005734   0.007321   0.000000   0.000000   0.011143   0.000000   0.000000  144.0000     0.0019
   -4.200     0.000  -0.154790   0.001438   0.005717   0.007154   0.000000   0.000000   0.007492   0.000000   0.000000  144.0000    -0.0897
   -4.100     0.000  -0.146295   0.001296   0.005704   0.007000   0.000000   0.000000   0.003847   0.000000   0.000000  144.0000    -0.3003
   -4.000     0.000  -0.137805   0.001163   0.005695   0.006858   0.000000   0.000000   0.000206   0.000000   0.000000  144.0000    -0.7953
   -3.900     0.000  -0.129319   0.001038   0.005687   0.006724   0.000000   0.000000  -0.003432   0.000000   0.000000  144.0000    -0.7608
   -3.800     0.000  -0.120833   0.000920   0.005679   0.006599   0.000000   0.000000  -0.007071   0.000000   0.000000  144.0000    -0.6351
   -3.700     0.000  -0.112346   0.000810   0.005672   0.006482   0.000000   0.000000  -0.010710   0.000000  -0.000000  144.0000    -1.8280
   -3.600     0.000  -0.103854   0.000708   0.005666   0.006374   0.000000   0.000000  -0.014352   0.000000   0.000000  144.0000    -2.1175
   -3.500     0.000  -0.095361   0.000613   0.005661   0.006275   0.000000   0.000000  -0.017996   0.000000   0.000000  144.0000    -2.7885
   -3.400     0.000  -0.086863   0.000526   0.005658   0.006184   0.000000   0.000000  -0.021644   0.000000   0.000000  144.0000    -2.1262
   -3.300     0.000  -0.078363   0.000448   0.005655   0.006102   0.000000   0.000000  -0.025294   0.000000   0.000000  144.0000     1.5896
   -3.200     0.000  -0.069860   0.000377   0.005651   0.006028   0.000000   0.000000  -0.028948   0.000000   0.000000  144.0000     7.6682
   -3.100     0.000  -0.061351   0.000313   0.005647   0.005961   0.000000   0.000000  -0.032606   0.000000   0.000000  144.0000    12.2951
   -3.000     0.000  -0.052848   0.000258   0.005645   0.005903   0.000000   0.000000  -0.036261   0.000000   0.000000  144.0000    12.1438
   -2.900     0.000  -0.044396   0.000211   0.005642   0.005853   0.000000   0.000000  -0.039894  -0.000000   0.000000  144.0000     8.5772
   -2.800     0.000  -0.035869   0.000171   0.005642   0.005814   0.000000   0.000000  -0.043559   0.000000   0.000000  144.0000     3.6005
   -2.700     0.000  -0.027393   0.000140   0.005647   0.005787   0.000000   0.000000  -0.047199   0.000000   0.000000  144.0000     0.9084
   -2.600     0.000  -0.018948   0.000116   0.005656   0.005772   0.000000  -0.000000  -0.050824   0.000000   0.000000  144.0000    -0.2603
   -2.500     0.000  -0.010530   0.000100   0.005671   0.005771   0.000000   0.000000  -0.054433   0.000000   0.000000  144.0000    -0.9426
   -2.400     0.000  -0.002106   0.000091   0.005686   0.005777   0.000000   0.000000  -0.058046   0.000000   0.000000  144.0000   -11.9088
   -2.300     0.000   0.006268   0.000090   0.005710   0.005800   0.000000   0.000000  -0.061632   0.000000   0.000000  144.0000     6.6450
   -2.200     0.000   0.014683   0.000096   0.005726   0.005823   0.000000   0.000000  -0.065241   0.000000   0.000000  144.0000     3.7440
   -2.100     0.000   0.023041   0.000111   0.005745   0.005856   0.000000   0.000000  -0.068824   0.000000   0.000000  144.0000     2.8984
   -2.000     0.000   0.031472   0.000132   0.005767   0.005899   0.000000  -0.000000  -0.072437   0.000000   0.000000  144.0000     2.4902
   -1.900     0.000   0.039873   0.000162   0.005788   0.005950   0.000000   0.000000  -0.076037   0.000000   0.000000  144.0000     2.2026
   -1.800     0.000   0.048284   0.000199   0.005807   0.006006   0.000000  -0.000000  -0.079644   0.000000   0.000000  144.0000     1.9631
   -1.700     0.000   0.056654   0.000244   0.005832   0.006076   0.000000  -0.000000  -0.083228   0.000000   0.000000  144.0000     1.8384
   -1.600     0.000   0.065035   0.000296   0.005857   0.006153   0.000000  -0.000000  -0.086817   0.000000   0.000000  144.0000     2.0315
   -1.500     0.000   0.073358   0.000356   0.005891   0.006246   0.000000  -0.000000  -0.090376   0.000000   0.000000  144.0000     2.2244
   -1.400     0.000   0.081643   0.000423   0.005923   0.006347   0.000000  -0.000000  -0.093919   0.000000   0.000000  144.0000     2.1306
   -1.300     0.000   0.089997   0.000497   0.005960   0.006458   0.000000  -0.000000  -0.097486   0.000000   0.000000  144.0000     1.9853
   -1.200     0.000   0.098200   0.000578   0.006019   0.006597   0.000000  -0.000000  -0.100974   0.000000   0.000000  144.0000     1.8116
   -1.100     0.000   0.106382   0.000666   0.006081   0.006747   0.000000  -0.000000  -0.104449   0.000000   0.000000  144.0000     1.7301
   -1.000     0.000   0.114537   0.000762   0.006139   0.006901   0.000000  -0.000000  -0.107915   0.000000  -0.000000  144.0000     1.6844
   -0.900     0.000   0.122689   0.000863   0.006213   0.007075   0.000000  -0.000000  -0.111367   0.000000   0.000000  144.0000     1.6505
   -0.800     0.000   0.130951   0.000973   0.006262   0.007235   0.000000  -0.000000  -0.114884   0.000000   0.000000  144.0000     1.6209
   -0.700     0.000   0.139081   0.001088   0.006334   0.007421   0.000000  -0.000000  -0.118328   0.000000  -0.000000  144.0000     1.5940
   -0.600     0.000   0.147342   0.001212   0.006381   0.007593   0.000000  -0.000000  -0.121846   0.000000  -0.000000  144.0000     1.5689
   -0.500     0.000   0.155676   0.001345   0.006414   0.007759   0.000000  -0.000000  -0.125405   0.000000  -0.000000  144.0000     1.5453
   -0.400     0.000   0.163967   0.001487   0.006446   0.007933   0.000000  -0.000000  -0.128947   0.000000   0.000000  144.0000     1.5232
   -0.300     0.000   0.172318   0.001634   0.006482   0.008117   0.000000  -0.000000  -0.132513   0.000000  -0.000000  144.0000     1.5015
   -0.200     0.000   0.180717   0.001791   0.006503   0.008294   0.000000  -0.000000  -0.136108   0.000000  -0.000000  144.0000     1.4750
   -0.100     0.000   0.189130   0.001956   0.006519   0.008476   0.000000  -0.000000  -0.139713   0.000000  -0.000000  144.0000     1.4487
    0.000     0.000   0.197565   0.002130   0.006531   0.008661   0.000000  -0.000000  -0.143332   0.000000   0.000000  144.0000     1.4243
    0.100     0.000   0.206001   0.002312   0.006542   0.008853   0.000000  -0.000000  -0.146950   0.000000   0.000000  144.0000     1.3990
    0.200     0.000   0.214456   0.002501   0.006548   0.009049   0.000000  -0.000000  -0.150580   0.000000  -0.000000  144.0000     1.3757
    0.300     0.000   0.222902   0.002698   0.006556   0.009254   0.000000  -0.000000  -0.154205   0.000000   0.000000  144.0000     1.3534
    0.400     0.000   0.231304   0.002902   0.006573   0.009475   0.000000  -0.000000  -0.157803   0.000000  -0.000000  144.0000     1.3314
    0.500     0.000   0.239737   0.003115   0.006585   0.009700   0.000000  -0.000000  -0.161420   0.000000   0.000000  144.0000     1.3119
    0.600     0.000   0.248163   0.003335   0.006600   0.009934   0.000000  -0.000000  -0.165034   0.000000  -0.000000  144.0000     1.2948
    0.700     0.000   0.256582   0.003562   0.006616   0.010177   0.000000  -0.000000  -0.168644   0.000000  -0.000000  144.0000     1.2794
    0.800     0.000   0.264978   0.003796   0.006636   0.010432   0.000000  -0.000000  -0.172239   0.000000   0.000000  144.0000     1.2652
    0.900     0.000   0.273388   0.004039   0.006654   0.010693   0.000000  -0.000000  -0.175844   0.000000   0.000000  144.0000     1.2525
    1.000     0.000   0.281793   0.004289   0.006674   0.010963   0.000000  -0.000000  -0.179445   0.000000  -0.000000  144.0000     1.2403
    1.100     0.000   0.290188   0.004546   0.006696   0.011242   0.000000  -0.000000  -0.183040   0.000000   0.000000  144.0000     1.2287
    1.200     0.000   0.298592   0.004811   0.006714   0.011526   0.000000  -0.000000  -0.186639   0.000000   0.000000  144.0000     1.2179
    1.300     0.000   0.307003   0.005084   0.006731   0.011815   0.000000  -0.000000  -0.190241   0.000000   0.000000  144.0000     1.2075
    1.400     0.000   0.315396   0.005365   0.006750   0.012115   0.000000  -0.000000  -0.193831   0.000000  -0.000000  144.0000     1.1974
    1.500     0.000   0.323781   0.005652   0.006771   0.012423   0.000000  -0.000000  -0.197418   0.000000   0.000000  144.0000     1.1876
    1.600     0.000   0.332182   0.005948   0.006789   0.012737   0.000000  -0.000000  -0.201013   0.000000  -0.000000  144.0000     1.1781
    1.700     0.000   0.340579   0.006251   0.006806   0.013058   0.000000  -0.000000  -0.204605   0.000000   0.000000  144.0000     1.1688
    1.800     0.000   0.348975   0.006562   0.006822   0.013384   0.000000  -0.000000  -0.208198   0.000000  -0.000000  144.0000     1.1599
    1.900     0.000   0.357369   0.006880   0.006838   0.013718   0.000000  -0.000000  -0.211790   0.000000   0.000000  144.0000     1.1512
    2.000     0.000   0.365756   0.007206   0.006857   0.014063   0.000000  -0.000000  -0.215374   0.000000   0.000000  144.0000     1.1427
    2.100     0.000   0.374154   0.007540   0.006873   0.014413   0.000000  -0.000000  -0.218968   0.000000   0.000000  144.0000     1.1344
    2.200     0.000   0.382547   0.007881   0.006891   0.014772   0.000000  -0.000000  -0.222556   0.000000  -0.000000  144.0000     1.1263
    2.300     0.000   0.390949   0.008230   0.006907   0.015137   0.000000  -0.000000  -0.226148   0.000000  -0.000000  144.0000     1.1184
    2.400     0.000   0.399377   0.008588   0.006915   0.015503   0.000000  -0.000000  -0.229760   0.000000   0.000000  144.0000     1.1113
    2.500     0.000   0.407785   0.008953   0.006929   0.015881   0.000000  -0.000000  -0.233356   0.000000   0.000000  144.0000     1.1047
    2.600     0.000   0.416191   0.009325   0.006943   0.016269   0.000000  -0.000000  -0.236950   0.000000   0.000000  144.0000     1.0984
    2.700     0.000   0.424592   0.009705   0.006959   0.016663   0.000000  -0.000000  -0.240540  -0.000000  -0.000000  144.0000     1.0925
    2.800     0.000   0.432968   0.010091   0.006976   0.017067   0.000000  -0.000000  -0.244116   0.000000   0.000000  144.0000     1.0869
    2.900     0.000   0.441357   0.010486   0.006989   0.017475   0.000000  -0.000000  -0.247702   0.000000   0.000000  144.0000     1.0816
    3.000     0.000   0.449747   0.010888   0.007002   0.017890   0.000000  -0.000000  -0.251287   0.000000  -0.000000  144.0000     1.0765
    3.100     0.000   0.458140   0.011298   0.007009   0.018307   0.000000  -0.000000  -0.254877   0.000000   0.000000  144.0000     1.0717
    3.200     0.000   0.466542   0.011716   0.007000   0.018715   0.000000  -0.000000  -0.258483   0.000000  -0.000000  144.0000     1.0672
    3.300     0.000   0.474947   0.012141   0.006997   0.019139   0.000000  -0.000000  -0.262086   0.000000  -0.000000  144.0000     1.0628
    3.400     0.000   0.483354   0.012575   0.006990   0.019565   0.000000  -0.000000  -0.265690   0.000000   0.000000  144.0000     1.0586
    3.500     0.000   0.491756   0.013015   0.006992   0.020007   0.000000  -0.000000  -0.269287   0.000000  -0.000000  144.0000     1.0545
    3.600     0.000   0.500151   0.013463   0.006995   0.020459   0.000000  -0.000000  -0.272879  -0.000000  -0.000000  144.0000     1.0506
    3.700     0.000   0.508530   0.013918   0.006999   0.020918   0.000000  -0.000000  -0.276463   0.000000  -0.000000  144.0000     1.0467
    3.800     0.000   0.516894   0.014380   0.007008   0.021389   0.000000  -0.000000  -0.280034   0.000000   0.000000  144.0000     1.0430
    3.900     0.000   0.525274   0.014851   0.006999   0.021849   0.000000  -0.000000  -0.283629   0.000000   0.000000  144.0000     1.0395
    4.000     0.000   0.533672   0.015329   0.006984   0.022314   0.000000  -0.000000  -0.287237   0.000000   0.000000  144.0000     1.0360
    4.100     0.000   0.542068   0.015815   0.006979   0.022795   0.000000   0.000000  -0.290838   0.000000   0.000000  144.0000     1.0327
    4.200     0.000   0.550453   0.016309   0.006976   0.023285   0.000000  -0.000000  -0.294429   0.000000   0.000000  144.0000     1.0294
    4.300     0.000   0.558783   0.016812   0.006971   0.023783   0.000000  -0.000000  -0.298003   0.000000   0.000000  144.0000     1.0264
    4.400     0.000   0.567181   0.017317   0.006972   0.024289   0.000000  -0.000000  -0.301597  -0.000000  -0.000000  144.0000     1.0233
    4.500     0.000   0.575560   0.017831   0.006966   0.024797   0.000000  -0.000000  -0.305188  -0.000000  -0.000000  144.0000     1.0205
    4.600     0.000   0.583874   0.018356   0.006959   0.025315   0.000000  -0.000000  -0.308752   0.000000   0.000000  144.0000     1.0177
    4.700     0.000   0.592287   0.018885   0.006954   0.025838   0.000000  -0.000000  -0.312354   0.000000   0.000000  144.0000     1.0150
    4.800     0.000   0.600659   0.019422   0.006950   0.026372   0.000000  -0.000000  -0.315935   0.000000   0.000000  144.0000     1.0124
    4.900     0.000   0.609020   0.019967   0.006943   0.026910   0.000000  -0.000000  -0.319514   0.000000   0.000000  144.0000     1.0098
    5.000     0.000   0.617376   0.020519   0.006937   0.027456   0.000000  -0.000000  -0.323089  -0.000000  -0.000000  144.0000     1.0074
    5.100     0.000   0.625700   0.021077   0.006945   0.028021   0.000000  -0.000000  -0.326630   0.000000  -0.000000  144.0000     1.0049
    5.200     0.000   0.634029   0.021642   0.006948   0.028590   0.000000  -0.000000  -0.330175   0.000000   0.000000  144.0000     1.0025
    5.300     0.000   0.642365   0.022215   0.006947   0.029162   0.000000  -0.000000  -0.333730   0.000000   0.000000  144.0000     1.0002
    5.400     0.000   0.650710   0.022797   0.006937   0.029734   0.000000  -0.000000  -0.337296   0.000000   0.000000  144.0000     0.9979
    5.500     0.000   0.659045   0.023386   0.006933   0.030319   0.000000  -0.000000  -0.340847   0.000000  -0.000000  144.0000     0.9957
    5.600     0.000   0.667379   0.023982   0.006931   0.030913   0.000000  -0.000000  -0.344397   0.000000   0.000000  144.0000     0.9935
    5.700     0.000   0.675701   0.024584   0.006934   0.031518   0.000000  -0.000000  -0.347933  -0.000000  -0.000000  144.0000     0.9913
    5.800     0.000   0.684006   0.025193   0.006943   0.032136   0.000000  -0.000000  -0.351449   0.000000   0.000000  144.0000     0.9891
    5.900     0.000   0.692318   0.025810   0.006948   0.032758   0.000000  -0.000000  -0.354973   0.000000  -0.000000  144.0000     0.9870
    6.000     0.000   0.700633   0.026434   0.006951   0.033385   0.000000  -0.000000  -0.358502   0.000000   0.000000  144.0000     0.9849
    6.100     0.000   0.708947   0.027066   0.006952   0.034019   0.000000  -0.000000  -0.362032   0.000000  -0.000000  144.0000     0.9828
    6.200     0.000   0.717237   0.027704   0.006962   0.034666   0.000000   0.000000  -0.365536  -0.000000  -0.000000  144.0000     0.9808
    6.300     0.000   0.725517   0.028348   0.006972   0.035321   0.000000  -0.000000  -0.369031   0.000000   0.000000  144.0000     0.9788
    6.400     0.000   0.733774   0.028999   0.006986   0.035985   0.000000  -0.000000  -0.372510   0.000000   0.000000  144.0000     0.9768
    6.500     0.000   0.742018   0.029655   0.007001   0.036657   0.000000  -0.000000  -0.375980   0.000000   0.000000  144.0000     0.9748
    6.600     0.000   0.750277   0.030320   0.007014   0.037334   0.000000  -0.000000  -0.379458   0.000000   0.000000  144.0000     0.9729
    6.700     0.000   0.758544   0.030993   0.007025   0.038018   0.000000  -0.000000  -0.382942  -0.000000  -0.000000  144.0000     0.9710
    6.800     0.000   0.766806   0.031673   0.007035   0.038708   0.000000  -0.000000  -0.386424   0.000000   0.000000  144.0000     0.9691
    6.900     0.000   0.775047   0.032359   0.007052   0.039411   0.000000  -0.000000  -0.389885   0.000000  -0.000000  144.0000     0.9673
    7.000     0.000   0.783271   0.033051   0.007076   0.040127   0.000000  -0.000000  -0.393329  -0.000000  -0.000000  144.0000     0.9655
    7.100     0.000   0.791493   0.033749   0.007101   0.040850   0.000000  -0.000000  -0.396770   0.000000   0.000000  144.0000     0.9637
    7.200     0.000   0.799706   0.034455   0.007127   0.041582   0.000000  -0.000000  -0.400203   0.000000   0.000000  144.0000     0.9620
    7.300     0.000   0.807913   0.035167   0.007155   0.042322   0.000000  -0.000000  -0.403632  -0.000000  -0.000000  144.0000     0.9603
    7.400     0.000   0.816113   0.035886   0.007183   0.043069   0.000000  -0.000000  -0.407056   0.000000   0.000000  144.0000     0.9586
    7.500     0.000   0.824311   0.036612   0.007211   0.043822   0.000000  -0.000000  -0.410478   0.000000   0.000000  144.0000     0.9570
    7.600     0.000   0.832504   0.037344   0.007238   0.044583   0.000000  -0.000000  -0.413895  -0.000000  -0.000000  144.0000     0.9554
    7.700     0.000   0.840688   0.038084   0.007267   0.045351   0.000000  -0.000000  -0.417306  -0.000000  -0.000000  144.0000     0.9539
    7.800     0.000   0.848858   0.038829   0.007299   0.046128   0.000000  -0.000000  -0.420705   0.000000   0.000000  144.0000     0.9523
    7.900     0.000   0.857023   0.039581   0.007330   0.046911   0.000000  -0.000000  -0.424099   0.000000   0.000000  144.0000     0.9508
    8.000     0.000   0.865190   0.040341   0.007359   0.047699   0.000000  -0.000000  -0.427495  -0.000000  -0.000000  144.0000     0.9493
    8.100     0.000   0.873359   0.041107   0.007385   0.048492   0.000000  -0.000000  -0.430892   0.000000   0.000000  144.0000     0.9478
    8.200     0.000   0.881506   0.041880   0.007415   0.049295   0.000000  -0.000000  -0.434273   0.000000   0.000000  144.0000     0.9464
    8.300     0.000   0.889643   0.042658   0.007446   0.050105   0.000000  -0.000000  -0.437645   0.000000   0.000000  144.0000     0.9450
    8.400     0.000   0.897771   0.043443   0.007479   0.050922   0.000000  -0.000000  -0.441010   0.000000   0.000000  144.0000     0.9436
    8.500     0.000   0.905889   0.044234   0.007514   0.051748   0.000000  -0.000000  -0.444366   0.000000   0.000000  144.0000     0.9422
    8.600     0.000   0.913999   0.045031   0.007548   0.052579   0.000000  -0.000000  -0.447715   0.000000   0.000000  144.0000     0.9408
    8.700     0.000   0.922100   0.045835   0.007583   0.053418   0.000000  -0.000000  -0.451056   0.000000   0.000000  144.0000     0.9395
    8.800     0.000   0.930191   0.046645   0.007620   0.054264   0.000000  -0.000000  -0.454389   0.000000   0.000000  144.0000     0.9381
    8.900     0.000   0.938284   0.047462   0.007652   0.055114   0.000000  -0.000000  -0.457728   0.000000   0.000000  144.0000     0.9368
    9.000     0.000   0.946363   0.048285   0.007687   0.055972   0.000000  -0.000000  -0.461055   0.000000   0.000000  144.0000     0.9355
    9.100     0.000   0.954423   0.049113   0.007725   0.056838   0.000000  -0.000000  -0.464366   0.000000   0.000000  144.0000     0.9342
    9.200     0.000   0.962474   0.049947   0.007764   0.057711   0.000000  -0.000000  -0.467668  -0.000000  -0.000000  144.0000     0.9329
    9.300     0.000   0.970514   0.050787   0.007804   0.058591   0.000000  -0.000000  -0.470962  -0.000000  -0.000000  144.0000     0.9317
    9.400     0.000   0.978543   0.051633   0.007845   0.059478   0.000000  -0.000000  -0.474247  -0.000000  -0.000000  144.0000     0.9304
    9.500     0.000   0.986557   0.052485   0.007886   0.060371   0.000000  -0.000000  -0.477520   0.000000   0.000000  144.0000     0.9292
    9.600     0.000   0.994563   0.053342   0.007927   0.061270   0.000000  -0.000000  -0.480787   0.000000   0.000000  144.0000     0.9280
    9.700     0.000   1.002560   0.054206   0.007969   0.062174   0.000000  -0.000000  -0.484046   0.000000   0.000000  144.0000     0.9268
    9.800     0.000   1.010545   0.055075   0.008010   0.063085   0.000000  -0.000000  -0.487299   0.000000   0.000000  144.0000     0.9256
    9.900     0.000   1.018507   0.055949   0.008053   0.064002   0.000000  -0.000000  -0.490533   0.000000  -0.000000  144.0000     0.9244
   10.000     0.000   1.026450   0.056828   0.008098   0.064926   0.000000  -0.000000  -0.493754   0.000000  -0.000000  144.0000     0.9232
   10.100     0.000   1.034384   0.057712   0.008143   0.065855   0.000000  -0.000000  -0.496968  -0.000000  -0.000000  144.0000     0.9220
   10.200     0.000   1.042306   0.058602   0.008187   0.066789   0.000000  -0.000000  -0.500172   0.000000   0.000000  144.0000     0.9208
   10.300     0.000   1.050210   0.059497   0.008232   0.067730   0.000000  -0.000000  -0.503363  -0.000000  -0.000000  144.0000     0.9197
   10.400     0.000   1.058100   0.060397   0.008278   0.068675   0.000000  -0.000000  -0.506544  -0.000000  -0.000000  144.0000     0.9186
   10.500     0.000   1.065973   0.061302   0.008322   0.069624   0.000000  -0.000000  -0.509713   0.000000   0.000000  144.0000     0.9174
   10.600     0.000   1.073830   0.062212   0.008367   0.070579   0.000000  -0.000000  -0.512871   0.000000   0.000000  144.0000     0.9163
   10.700     0.000   1.081679   0.063128   0.008412   0.071540   0.000000  -0.000000  -0.516022   0.000000   0.000000  144.0000     0.9152
   10.800     0.000   1.089514   0.064049   0.008457   0.072506   0.000000  -0.000000  -0.519163   0.000000   0.000000  144.0000     0.9141
   10.900     0.000   1.097328   0.064974   0.008505   0.073479   0.000000  -0.000000  -0.522287   0.000000   0.000000  144.0000     0.9130
   11.000     0.000   1.105120   0.065903   0.008555   0.074458   0.000000  -0.000000  -0.525396   0.000000   0.000000  144.0000     0.9119
   11.100     0.000   1.112894   0.066837   0.008604   0.075442   0.000000  -0.000000  -0.528491  -0.000000  -0.000000  144.0000     0.9108
   11.200     0.000   1.120648   0.067775   0.008655   0.076431   0.000000  -0.000000  -0.531572   0.000000   0.000000  144.0000     0.9097
   11.300     0.000   1.128383   0.068718   0.008707   0.077425   0.000000  -0.000000  -0.534639  -0.000000  -0.000000  144.0000     0.9086
   11.400     0.000   1.136098   0.069664   0.008759   0.078424   0.000000  -0.000000  -0.537690   0.000000   0.000000  144.0000     0.9076
   11.500     0.000   1.143790   0.070614   0.008813   0.079427   0.000000  -0.000000  -0.540726   0.000000   0.000000  144.0000     0.9065
   11.600     0.000   1.151459   0.071568   0.008867   0.080435   0.000000  -0.000000  -0.543744  -0.000000  -0.000000  144.0000     0.9054
   11.700     0.000   1.159105   0.072526   0.008922   0.081448   0.000000  -0.000000  -0.546747   0.000000   0.000000  144.0000     0.9044
   11.800     0.000   1.166728   0.073487   0.008977   0.082465   0.000000  -0.000000  -0.549732   0.000000   0.000000  144.0000     0.9033
   11.900     0.000   1.174322   0.074452   0.009034   0.083485   0.000000  -0.000000  -0.552697   0.000000  -0.000000  144.0000     0.9023
   12.000     0.000   1.181838   0.075413   0.009092   0.084505   0.000000  -0.000000  -0.555609   0.000000   0.000000  144.0000     0.9012
   12.100     0.000   1.189297   0.076374   0.009152   0.085526   0.000000  -0.000000  -0.558481   0.000000   0.000000  144.0000     0.9001
   12.200     0.000   1.196740   0.077328   0.009212   0.086540   0.000000  -0.000000  -0.561331   0.000000   0.000000  144.0000     0.8990
   12.300     0.000   1.204090   0.078296   0.009272   0.087569   0.000000  -0.000000  -0.564138  -0.000000  -0.000000  144.0000     0.8980
   12.400     0.000   1.211519   0.079261   0.009334   0.088595   0.000000  -0.000000  -0.566977   0.000000   0.000000  144.0000     0.8969
   12.500     0.000   1.218877   0.080241   0.009396   0.089637   0.000000  -0.000000  -0.569787   0.000000   0.000000  144.0000     0.8958
   12.600     0.000   1.226239   0.081221   0.009459   0.090680   0.000000  -0.000000  -0.572591  -0.000000  -0.000000  144.0000     0.8948
   12.700     0.000   1.233617   0.082196   0.009523   0.091719   0.000000  -0.000000  -0.575393   0.000000   0.000000  144.0000     0.8937
   12.800     0.000   1.240892   0.083183   0.009587   0.092771   0.000000  -0.000000  -0.578145  -0.000000  -0.000000  144.0000     0.8927
   12.900     0.000   1.248153   0.084168   0.009653   0.093820   0.000000  -0.000000  -0.580879   0.000000   0.000000  144.0000     0.8916
   13.000     0.000   1.255372   0.085151   0.009719   0.094870   0.000000  -0.000000  -0.583584   0.000000   0.000000  144.0000     0.8906
   13.100     0.000   1.262551   0.086135   0.009787   0.095922   0.000000  -0.000000  -0.586261   0.000000   0.000000  144.0000     0.8895
   13.200     0.000   1.269690   0.087109   0.009861   0.096969   0.000000  -0.000000  -0.588901  -0.000000  -0.000000  144.0000     0.8884
   13.300     0.000   1.276746   0.088085   0.009936   0.098022   0.000000  -0.000000  -0.591494   0.000000   0.000000  144.0000     0.8874
   13.400     0.000   1.283702   0.089058   0.010017   0.099074   0.000000  -0.000000  -0.594024   0.000000   0.000000  144.0000     0.8863
   13.500     0.000   1.290605   0.090028   0.010098   0.100126   0.000000  -0.000000  -0.596518   0.000000   0.000000  144.0000     0.8852
   13.600     0.000   1.297527   0.091005   0.010176   0.101180   0.000000  -0.000000  -0.599021   0.000000   0.000000  144.0000     0.8841
   13.700     0.000   1.304456   0.091986   0.010250   0.102236   0.000000  -0.000000  -0.601524   0.000000   0.000000  144.0000     0.8830
   13.800     0.000   1.311431   0.092990   0.010317   0.103307   0.000000  -0.000000  -0.604063   0.000000   0.000000  144.0000     0.8819
   13.900     0.000   1.318641   0.094027   0.010364   0.104391   0.000000  -0.000000  -0.606744   0.000000   0.000000  144.0000     0.8810
   14.000     0.000   1.325693   0.095045   0.010422   0.105466   0.000000  -0.000000  -0.609319   0.000000   0.000000  144.0000     0.8799
   14.100     0.000   1.332832   0.096084   0.010468   0.106551   0.000000  -0.000000  -0.611949   0.000000   0.000000  144.0000     0.8790
   14.200     0.000   1.339740   0.097083   0.010531   0.107615   0.000000  -0.000000  -0.614423   0.000000   0.000000  144.0000     0.8779
   14.300     0.000   1.346443   0.098058   0.010605   0.108664   0.000000  -0.000000  -0.616762  -0.000000  -0.000000  144.0000     0.8768
   14.400     0.000   1.352740   0.099008   0.010681   0.109689   0.000000  -0.000000  -0.618854   0.000000   0.000000  144.0000     0.8756
   14.500     0.000   1.358640   0.099903   0.010761   0.110664   0.000000  -0.000000  -0.620678   0.000000   0.000000  144.0000     0.8744
   14.600     0.000   1.364204   0.100740   0.010845   0.111585   0.000000  -0.000000  -0.622263   0.000000   0.000000  144.0000     0.8730
   14.700     0.000   1.369814   0.101592   0.010920   0.112512   0.000000  -0.000000  -0.623881   0.000000  -0.000000  144.0000     0.8716
   14.800     0.000   1.375427   0.102448   0.010997   0.113446   0.000000  -0.000000  -0.625503   0.000000   0.000000  144.0000     0.8702
   14.900     0.000   1.381415   0.103351   0.011078   0.114430   0.000000  -0.000000  -0.627372  -0.000000  -0.000000  144.0000     0.8690
   15.000     0.000   1.387443   0.104328   0.011145   0.115473   0.000000  -0.000000  -0.629325  -0.000000  -0.000000  144.0000     0.8679
   15.100     0.000   1.392758   0.105146   0.011213   0.116358   0.000000   0.000000  -0.630747  -0.000000  -0.000000  144.0000     0.8665
   15.200     0.000   1.397870   0.105927   0.011298   0.117224   0.000000  -0.000000  -0.632031   0.000000   0.000000  144.0000     0.8650
   15.300     0.000   1.402964   0.106717   0.011388   0.118105   0.000000  -0.000000  -0.633316   0.000000   0.000000  144.0000     0.8635
   15.400     0.000   1.408423   0.107563   0.011490   0.119053   0.000000  -0.000000  -0.634861   0.000000   0.000000  144.0000     0.8622
   15.500     0.000   1.414014   0.108432   0.011594   0.120026   0.000000  -0.000000  -0.636501   0.000000  -0.000000  144.0000     0.8610
   15.600     0.000   1.418907   0.109236   0.011709   0.120944   0.000000  -0.000000  -0.637726   0.000000   0.000000  144.0000     0.8596
   15.700     0.000   1.424078   0.110046   0.011827   0.121874   0.000000  -0.000000  -0.639101   0.000000   0.000000  144.0000     0.8582
   15.800     0.000   1.429111   0.110903   0.011950   0.122852   0.000000  -0.000000  -0.640444   0.000000   0.000000  144.0000     0.8569
   15.900     0.000   1.433184   0.111517   0.012069   0.123587   0.000000  -0.000000  -0.641053  -0.000000  -0.000000  144.0000     0.8552
   16.000     0.000   1.437214   0.112152   0.012189   0.124341   0.000000  -0.000000  -0.641647  -0.000000  -0.000000  144.0000     0.8535
   16.100     0.000   1.440768   0.112746   0.012322   0.125067   0.000000  -0.000000  -0.641977  -0.000000  -0.000000  144.0000     0.8518
   16.200     0.000   1.445939   0.113540   0.012420   0.125960   0.000000  -0.000000  -0.643320   0.000000   0.000000  144.0000     0.8504
   16.300     0.000   1.451191   0.114351   0.012522   0.126874   0.000000  -0.000000  -0.644723   0.000000   0.000000  144.0000     0.8491
   16.400     0.000   1.456471   0.115179   0.012627   0.127807   0.000000  -0.000000  -0.646157   0.000000   0.000000  144.0000     0.8479
   16.500     0.000   1.461323   0.115982   0.012744   0.128726   0.000000  -0.000000  -0.647361  -0.000000  -0.000000  144.0000     0.8466
   16.600     0.000   1.466380   0.116802   0.012862   0.129664   0.000000  -0.000000  -0.648684   0.000000   0.000000  144.0000     0.8453
   16.700     0.000   1.471589   0.117630   0.012978   0.130608   0.000000  -0.000000  -0.650086   0.000000   0.000000  144.0000     0.8441
   16.800     0.000   1.475652   0.118329   0.013109   0.131438   0.000000  -0.000000  -0.650809   0.000000   0.000000  144.0000     0.8426
   16.900     0.000   1.480159   0.119039   0.013247   0.132285   0.000000  -0.000000  -0.651764   0.000000   0.000000  144.0000     0.8412
   17.000     0.000   1.484017   0.119697   0.013404   0.133101   0.000000  -0.000000  -0.652369   0.000000   0.000000  144.0000     0.8397
   17.100     0.000   1.488745   0.120444   0.013547   0.133991   0.000000  -0.000000  -0.653488   0.000000  -0.000000  144.0000     0.8384
   17.200     0.000   1.493923   0.121297   0.013656   0.134953   0.000000  -0.000000  -0.654894  -0.000000  -0.000000  144.0000     0.8373
   17.300     0.000   1.499035   0.122160   0.013764   0.135924   0.000000   0.000000  -0.656272  -0.000000  -0.000000  144.0000     0.8361
   17.400     0.000   1.503975   0.123012   0.013872   0.136884   0.000000  -0.000000  -0.657557   0.000000  -0.000000  144.0000     0.8349
   17.500     0.000   1.508747   0.123839   0.013987   0.137826   0.000000  -0.000000  -0.658741  -0.000000  -0.000000  144.0000     0.8337
   17.600     0.000   1.512184   0.124446   0.014140   0.138587   0.000000  -0.000000  -0.659099   0.000000  -0.000000  144.0000     0.8322
   17.700     0.000   1.515540   0.125006   0.014288   0.139294   0.000000  -0.000000  -0.659354   0.000000  -0.000000  144.0000     0.8306
   17.800     0.000   1.519152   0.125637   0.014423   0.140059   0.000000  -0.000000  -0.659738  -0.000000  -0.000000  144.0000     0.8290
   17.900     0.000   1.523778   0.126346   0.014554   0.140900   0.000000  -0.000000  -0.660733  -0.000000  -0.000000  144.0000     0.8277
   18.000     0.000   1.528538   0.127136   0.014685   0.141821   0.000000  -0.000000  -0.661876  -0.000000  -0.000000  144.0000     0.8265
   18.100     0.000   1.531886   0.127771   0.014858   0.142630   0.000000  -0.000000  -0.662257  -0.000000  -0.000000  144.0000     0.8251
   18.200     0.000   1.535455   0.128449   0.014996   0.143445   0.000000  -0.000000  -0.662682   0.000000   0.000000  144.0000     0.8237
   18.300     0.000   1.539512   0.129125   0.015149   0.144275   0.000000  -0.000000  -0.663399   0.000000   0.000000  144.0000     0.8223
   18.400     0.000   1.542543   0.129686   0.015308   0.144994   0.000000  -0.000000  -0.663484   0.000000   0.000000  144.0000     0.8208
   18.500     0.000   1.545704   0.130296   0.015497   0.145793   0.000000  -0.000000  -0.663751   0.000000   0.000000  144.0000     0.8193
   18.600     0.000   1.549114   0.130922   0.015658   0.146580   0.000000  -0.000000  -0.664096   0.000000   0.000000  144.0000     0.8179
   18.700     0.000   1.552009   0.131379   0.015835   0.147215   0.000000  -0.000000  -0.664050  -0.000000   0.000000  144.0000     0.8163
   18.800     0.000   1.553670   0.131716   0.016069   0.147785   0.000000  -0.000000  -0.663429   0.000000   0.000000  144.0000     0.8146
   18.900     0.000   1.556460   0.132176   0.016255   0.148431   0.000000  -0.000000  -0.663362   0.000000   0.000000  144.0000     0.8130
   19.000     0.000   1.559251   0.132675   0.016440   0.149115   0.000000  -0.000000  -0.663336   0.000000   0.000000  144.0000     0.8114
   19.100     0.000   1.561559   0.133154   0.016681   0.149834   0.000000  -0.000000  -0.663174   0.000000   0.000000  144.0000     0.8099
   19.200     0.000   1.565000   0.133726   0.016881   0.150607   0.000000  -0.000000  -0.663577   0.000000   0.000000  144.0000     0.8086
   19.300     0.000   1.568692   0.134367   0.017076   0.151443   0.000000  -0.000000  -0.664149  -0.000000   0.000000  144.0000     0.8073
   19.400     0.000   1.572114   0.134976   0.017271   0.152247   0.000000  -0.000000  -0.664564  -0.000000  -0.000000  144.0000     0.8060
   19.500     0.000   1.574625   0.135509   0.017517   0.153026   0.000000  -0.000000  -0.664533   0.000000   0.000000  144.0000     0.8046
   19.600     0.000   1.577199   0.135950   0.017773   0.153723   0.000000  -0.000000  -0.664475  -0.000000  -0.000000  144.0000     0.8031
   19.700     0.000   1.578921   0.136295   0.018088   0.154383   0.000000   0.000000  -0.663991  -0.000000  -0.000000  144.0000     0.8016
   19.800     0.000   1.582737   0.136907   0.018297   0.155204   0.000000   0.000000  -0.664655  -0.000000  -0.000000  144.0000     0.8004
   19.900     0.000   1.584277   0.137278   0.018593   0.155871   0.000000  -0.000000  -0.664178   0.000000   0.000000  144.0000     0.7989
   20.000     0.000   1.587307   0.137760   0.018809   0.156569   0.000000  -0.000000  -0.664339   0.000000   0.000000  144.0000     0.7975
   20.100     0.000   1.590607   0.138312   0.019034   0.157346   0.000000  -0.000000  -0.664731   0.000000   0.000000  144.0000     0.7963
   20.200     0.000   1.591839   0.138688   0.019357   0.158045   0.000000  -0.000000  -0.664151  -0.000000  -0.000000  144.0000     0.7949
   20.300     0.000   1.595295   0.139259   0.019579   0.158838   0.000000  -0.000000  -0.664652  -0.000000  -0.000000  144.0000     0.7937
   20.400     0.000   1.598464   0.139855   0.019824   0.159679   0.000000  -0.000000  -0.665051  -0.000000  -0.000000  144.0000     0.7925
   20.500     0.000   1.600811   0.140363   0.020130   0.160493   0.000000  -0.000000  -0.665061  -0.000000  -0.000000  144.0000     0.7913
   20.600     0.000   1.602999   0.140865   0.020461   0.161326   0.000000  -0.000000  -0.665040   0.000000  -0.000000  144.0000     0.7901
   20.700     0.000   1.606557   0.141421   0.020729   0.162151   0.000000  -0.000000  -0.665641  -0.000000  -0.000000  144.0000     0.7890
   20.800     0.000   1.608665   0.141907   0.021028   0.162935   0.000000  -0.000000  -0.665509   0.000000   0.000000  144.0000     0.7877
   20.900     0.000   1.611876   0.142418   0.021326   0.163744   0.000000  -0.000000  -0.665950  -0.000000  -0.000000  144.0000     0.7866
   21.000     0.000   1.612555   0.142630   0.021763   0.164392   0.000000  -0.000000  -0.665211  -0.000000  -0.000000  144.0000     0.7853
   21.100     0.000   1.614902   0.143054   0.022094   0.165148   0.000000  -0.000000  -0.665226  -0.000000  -0.000000  144.0000     0.7841
   21.200     0.000   1.616083   0.143404   0.022528   0.165932   0.000000  -0.000000  -0.664819  -0.000000  -0.000000  144.0000     0.7829
   21.300     0.000   1.619046   0.143887   0.022865   0.166753   0.000000  -0.000000  -0.665189   0.000000   0.000000  144.0000     0.7818
   21.400     0.000   1.622100   0.144428   0.023185   0.167614   0.000000  -0.000000  -0.665612  -0.000000  -0.000000  144.0000     0.7808
   21.500     0.000   1.625255   0.145019   0.023502   0.168521   0.000000  -0.000000  -0.666120  -0.000000  -0.000000  144.0000     0.7798
   21.600     0.000   1.628223   0.145605   0.023826   0.169431   0.000000  -0.000000  -0.666547  -0.000000  -0.000000  144.0000     0.7787
   21.700     0.000   1.630467   0.146152   0.024215   0.170367   0.000000  -0.000000  -0.666687  -0.000000  -0.000000  144.0000     0.7777
   21.800     0.000   1.633028   0.146658   0.024582   0.171240   0.000000  -0.000000  -0.666943  -0.000000  -0.000000  144.0000     0.7767
   21.900     0.000   1.634353   0.147006   0.025077   0.172083   0.000000  -0.000000  -0.666680  -0.000000  -0.000000  144.0000     0.7757
   22.000     0.000   1.634838   0.147137   0.025590   0.172726   0.000000   0.000000  -0.665936  -0.000000  -0.000000  144.0000     0.7744
   22.100     0.000   1.636217   0.147393   0.026085   0.173478   0.000000  -0.000000  -0.665703  -0.000000  -0.000000  144.0000     0.7734
   22.200     0.000   1.638772   0.147858   0.026495   0.174353   0.000000  -0.000000  -0.665977   0.000000   0.000000  144.0000     0.7724
   22.300     0.000   1.641043   0.148300   0.026894   0.175194   0.000000  -0.000000  -0.666080   0.000000   0.000000  144.0000     0.7713
   22.400     0.000   1.643154   0.148738   0.027311   0.176049   0.000000  -0.000000  -0.666127  -0.000000  -0.000000  144.0000     0.7703
   22.500     0.000   1.643748   0.148954   0.027911   0.176864   0.000000  -0.000000  -0.665640  -0.000000  -0.000000  144.0000     0.7693
   22.600     0.000   1.646101   0.149369   0.028350   0.177719   0.000000  -0.000000  -0.665872  -0.000000  -0.000000  144.0000     0.7683
   22.700     0.000   1.647045   0.149723   0.028928   0.178651   0.000000  -0.000000  -0.665553  -0.000000  -0.000000  144.0000     0.7674
   22.800     0.000   1.650012   0.150222   0.029349   0.179570   0.000000  -0.000000  -0.666098   0.000000   0.000000  144.0000     0.7665
   22.900     0.000   1.650384   0.150516   0.029996   0.180512   0.000000  -0.000000  -0.665614  -0.000000  -0.000000  144.0000     0.7656
   23.000     0.000   1.653319   0.150999   0.030433   0.181432   0.000000  -0.000000  -0.666161  -0.000000  -0.000000  144.0000     0.7648
   23.100     0.000   1.654679   0.151403   0.030987   0.182389   0.000000  -0.000000  -0.666030  -0.000000  -0.000000  144.0000     0.7639
   23.200     0.000   1.656925   0.151792   0.031490   0.183282   0.000000  -0.000000  -0.666274  -0.000000   0.000000  144.0000     0.7630
   23.300     0.000   1.658071   0.151993   0.032000   0.183993   0.000000  -0.000000  -0.665889   0.000000   0.000000  144.0000     0.7619
   23.400     0.000   1.656912   0.151881   0.032824   0.184705   0.000000  -0.000000  -0.664790   0.000000   0.000000  144.0000     0.7610
   23.500     0.000   1.658799   0.152203   0.033372   0.185575   0.000000  -0.000000  -0.664899   0.000000   0.000000  144.0000     0.7601
   23.600     0.000   1.659854   0.152498   0.033979   0.186477   0.000000  -0.000000  -0.664718  -0.000000  -0.000000  144.0000     0.7592
   23.700     0.000   1.659843   0.152612   0.034747   0.187359   0.000000  -0.000000  -0.664202   0.000000   0.000000  144.0000     0.7585
   23.800     0.000   1.661332   0.152956   0.035369   0.188325   0.000000  -0.000000  -0.664229  -0.000000  -0.000000  144.0000     0.7577
   23.900     0.000   1.663284   0.153376   0.035945   0.189321   0.000000  -0.000000  -0.664482   0.000000  -0.000000  144.0000     0.7569
   24.000     0.000   1.664832   0.153756   0.036578   0.190334   0.000000  -0.000000  -0.664599   0.000000  -0.000000  144.0000     0.7562
   24.100     0.000   1.665598   0.153985   0.037291   0.191276   0.000000  -0.000000  -0.664356   0.000000   0.000000  144.0000     0.7554
   24.200     0.000   1.666210   0.154206   0.038036   0.192243   0.000000  -0.000000  -0.664122   0.000000   0.000000  144.0000     0.7547
   24.300     0.000   1.667160   0.154434   0.038745   0.193178   0.000000  -0.000000  -0.664009   0.000000   0.000000  144.0000     0.7539
   24.400     0.000   1.667728   0.154665   0.039514   0.194179   0.000000  -0.000000  -0.663807  -0.000000   0.000000  144.0000     0.7533
   24.500     0.000   1.665411   0.154330   0.040643   0.194973   0.000000   0.000000  -0.662571  -0.000000  -0.000000  144.0000     0.7526
   24.600     0.000   1.667693   0.154734   0.041236   0.195970   0.000000   0.000000  -0.663047  -0.000000  -0.000000  144.0000     0.7520
   24.700     0.000   1.669899   0.155187   0.041826   0.197013   0.000000  -0.000000  -0.663516  -0.000000  -0.000000  144.0000     0.7514
   24.800     0.000   1.670457   0.155348   0.042549   0.197897   0.000000  -0.000000  -0.663247  -0.000000  -0.000000  144.0000     0.7506
   24.900     0.000   1.668559   0.155278   0.043750   0.199028   0.000000   0.000000  -0.662340   0.000000  -0.000000  144.0000     0.7502
   25.000     0.000   1.667963   0.155230   0.044705   0.199935   0.000000  -0.000000  -0.661729  -0.000000  -0.000000  144.0000     0.7495
   25.100     0.000   1.669141   0.155508   0.045466   0.200974   0.000000  -0.000000  -0.661878  -0.000000  -0.000000  144.0000     0.7490
