 -25.000  -1.0897   0.11775   0.11608  -0.0664  0.9984  0.0064  -16.4570   0.0000   0.1441
 -24.900  -1.0905   0.11631   0.11463  -0.0674  0.9984  0.0064  -16.4277   0.0000   0.1436
 -24.800  -1.0913   0.11488   0.11319  -0.0683  0.9983  0.0064  -16.3964   0.0000   0.1430
 -24.700  -1.0925   0.11340   0.11169  -0.0693  0.9983  0.0064  -16.3716   0.0000   0.1425
 -24.600  -1.0952   0.11169   0.10996  -0.0705  0.9983  0.0064  -16.3699   0.0000   0.1419
 -24.500  -1.0999   0.10967   0.10793  -0.0719  0.9983  0.0064  -16.3980   0.0000   0.1413
 -24.400  -1.1758   0.09667   0.09473  -0.0807  0.9982  0.0064  -17.5216   0.0000   0.1388
 -24.300  -1.1781   0.09520   0.09324  -0.0816  0.9982  0.0064  -17.5021   0.0000   0.1385
 -24.200  -1.1826   0.09335   0.09138  -0.0828  0.9981  0.0064  -17.5156   0.0000   0.1381
 -24.100  -1.2342   0.08471   0.08259  -0.0884  0.9981  0.0064  -18.2123   0.0000   0.1371
 -24.000  -1.2351   0.08346   0.08133  -0.0891  0.9981  0.0064  -18.1658   0.0000   0.1369
 -23.900  -1.2363   0.08218   0.08003  -0.0898  0.9981  0.0064  -18.1233   0.0000   0.1367
 -23.800  -1.2388   0.08072   0.07855  -0.0906  0.9981  0.0064  -18.0989   0.0000   0.1365
 -23.700  -1.2789   0.07418   0.07190  -0.0946  0.9981  0.0064  -18.5947   0.0000   0.1364
 -23.600  -1.2795   0.07306   0.07077  -0.0951  0.9980  0.0064  -18.5379   0.0000   0.1363
 -23.500  -1.2798   0.07199   0.06968  -0.0956  0.9980  0.0065  -18.4768   0.0000   0.1362
 -23.400  -1.2801   0.07092   0.06859  -0.0961  0.9980  0.0065  -18.4156   0.0000   0.1361
 -23.300  -1.2808   0.06979   0.06745  -0.0966  0.9980  0.0065  -18.3604   0.0000   0.1361
 -23.200  -1.2850   0.06825   0.06589  -0.0974  0.9980  0.0065  -18.3496   0.0000   0.1360
 -23.100  -1.3144   0.06360   0.06116  -0.0999  0.9980  0.0065  -18.6707   0.0000   0.1363
 -23.000  -1.3143   0.06264   0.06018  -0.1003  0.9980  0.0065  -18.6010   0.0000   0.1363
 -22.900  -1.3137   0.06174   0.05926  -0.1007  0.9980  0.0065  -18.5249   0.0000   0.1363
 -22.800  -1.3128   0.06086   0.05837  -0.1010  0.9980  0.0065  -18.4454   0.0000   0.1362
 -22.700  -1.3118   0.06000   0.05750  -0.1014  0.9980  0.0065  -18.3650   0.0000   0.1362
 -22.600  -1.3116   0.05909   0.05657  -0.1018  0.9979  0.0065  -18.2930   0.0000   0.1361
 -22.500  -1.3126   0.05800   0.05547  -0.1023  0.9979  0.0065  -18.2379   0.0000   0.1361
 -22.400  -1.3382   0.05409   0.05149  -0.1042  0.9979  0.0065  -18.4888   0.0000   0.1367
 -22.300  -1.3374   0.05319   0.05057  -0.1045  0.9979  0.0065  -18.4089   0.0000   0.1367
 -22.200  -1.3360   0.05235   0.04972  -0.1049  0.9979  0.0065  -18.3218   0.0000   0.1366
 -22.100  -1.3346   0.05154   0.04889  -0.1052  0.9979  0.0065  -18.2334   0.0000   0.1366
 -22.000  -1.3330   0.05074   0.04808  -0.1054  0.9978  0.0065  -18.1436   0.0000   0.1365
 -21.900  -1.3314   0.04993   0.04726  -0.1057  0.9978  0.0065  -18.0540   0.0000   0.1365
 -21.800  -1.3302   0.04908   0.04639  -0.1060  0.9978  0.0065  -17.9690   0.0000   0.1365
 -21.700  -1.3309   0.04803   0.04533  -0.1064  0.9977  0.0065  -17.9068   0.0000   0.1365
 -21.600  -1.3498   0.04512   0.04236  -0.1076  0.9977  0.0065  -18.0582   0.0000   0.1372
 -21.500  -1.3486   0.04434   0.04156  -0.1078  0.9977  0.0065  -17.9710   0.0000   0.1373
 -21.400  -1.3469   0.04360   0.04081  -0.1079  0.9977  0.0065  -17.8784   0.0000   0.1373
 -21.300  -1.3450   0.04290   0.04010  -0.1081  0.9976  0.0065  -17.7822   0.0000   0.1373
 -21.200  -1.3428   0.04221   0.03940  -0.1082  0.9976  0.0065  -17.6839   0.0000   0.1374
 -21.100  -1.3407   0.04152   0.03870  -0.1083  0.9975  0.0065  -17.5857   0.0000   0.1374
 -21.000  -1.3388   0.04081   0.03798  -0.1084  0.9975  0.0065  -17.4906   0.0000   0.1375
 -20.900  -1.3379   0.04002   0.03717  -0.1086  0.9974  0.0065  -17.4069   0.0000   0.1376
 -20.800  -1.3543   0.03772   0.03482  -0.1090  0.9975  0.0065  -17.5157   0.0000   0.1386
 -20.700  -1.3529   0.03705   0.03414  -0.1090  0.9974  0.0065  -17.4246   0.0000   0.1388
 -20.600  -1.3511   0.03643   0.03350  -0.1089  0.9974  0.0065  -17.3287   0.0000   0.1390
 -20.500  -1.3491   0.03583   0.03289  -0.1089  0.9974  0.0065  -17.2296   0.0000   0.1392
 -20.400  -1.3469   0.03526   0.03231  -0.1088  0.9973  0.0065  -17.1288   0.0000   0.1393
 -20.300  -1.3446   0.03470   0.03174  -0.1087  0.9973  0.0065  -17.0273   0.0000   0.1395
 -20.200  -1.3424   0.03414   0.03116  -0.1086  0.9973  0.0065  -16.9279   0.0000   0.1397
 -20.100  -1.3410   0.03354   0.03056  -0.1085  0.9973  0.0065  -16.8359   0.0000   0.1399
 -20.000  -1.3433   0.03268   0.02968  -0.1084  0.9973  0.0065  -16.7830   0.0000   0.1404
 -19.900  -1.3531   0.03124   0.02820  -0.1082  0.9973  0.0065  -16.8099   0.0000   0.1415
 -19.800  -1.3509   0.03071   0.02765  -0.1080  0.9973  0.0065  -16.7082   0.0000   0.1417
 -19.700  -1.3486   0.03020   0.02712  -0.1078  0.9972  0.0065  -16.6065   0.0000   0.1420
 -19.600  -1.3462   0.02970   0.02662  -0.1076  0.9972  0.0065  -16.5030   0.0000   0.1423
 -19.500  -1.3436   0.02921   0.02612  -0.1073  0.9972  0.0066  -16.3985   0.0000   0.1425
 -19.400  -1.3411   0.02872   0.02561  -0.1071  0.9971  0.0066  -16.2945   0.0000   0.1428
 -19.300  -1.3389   0.02821   0.02509  -0.1068  0.9971  0.0066  -16.1937   0.0000   0.1430
 -19.200  -1.3379   0.02761   0.02449  -0.1066  0.9971  0.0066  -16.1056   0.0000   0.1434
 -19.100  -1.3481   0.02633   0.02317  -0.1060  0.9971  0.0066  -16.1299   0.0000   0.1448
 -19.000  -1.3459   0.02587   0.02269  -0.1056  0.9971  0.0066  -16.0281   0.0000   0.1451
 -18.900  -1.3434   0.02543   0.02224  -0.1053  0.9971  0.0066  -15.9237   0.0000   0.1455
 -18.800  -1.3407   0.02500   0.02180  -0.1049  0.9971  0.0066  -15.8176   0.0000   0.1458
 -18.700  -1.3378   0.02458   0.02138  -0.1046  0.9970  0.0066  -15.7103   0.0000   0.1461
 -18.600  -1.3349   0.02416   0.02095  -0.1042  0.9969  0.0066  -15.6030   0.0000   0.1465
 -18.500  -1.3323   0.02373   0.02051  -0.1038  0.9968  0.0066  -15.4984   0.0000   0.1468
 -18.400  -1.3306   0.02325   0.02001  -0.1034  0.9967  0.0066  -15.4030   0.0000   0.1472
 -18.300  -1.3388   0.02226   0.01899  -0.1026  0.9967  0.0066  -15.4023   0.0000   0.1486
 -18.200  -1.3361   0.02187   0.01860  -0.1021  0.9966  0.0066  -15.2968   0.0000   0.1490
 -18.100  -1.3332   0.02151   0.01822  -0.1016  0.9965  0.0066  -15.1892   0.0000   0.1494
 -18.000  -1.3301   0.02115   0.01785  -0.1011  0.9964  0.0066  -15.0803   0.0000   0.1498
 -17.900  -1.3270   0.02080   0.01750  -0.1007  0.9963  0.0066  -14.9712   0.0000   0.1502
 -17.800  -1.3240   0.02045   0.01714  -0.1001  0.9962  0.0066  -14.8633   0.0000   0.1506
 -17.700  -1.3214   0.02009   0.01677  -0.0996  0.9962  0.0066  -14.7589   0.0000   0.1511
 -17.600  -1.3200   0.01968   0.01635  -0.0990  0.9961  0.0066  -14.6668   0.0000   0.1517
 -17.500  -1.3259   0.01899   0.01564  -0.0979  0.9960  0.0066  -14.6405   0.0000   0.1531
 -17.400  -1.3227   0.01870   0.01533  -0.0973  0.9959  0.0066  -14.5315   0.0000   0.1536
 -17.300  -1.3194   0.01842   0.01504  -0.0967  0.9958  0.0066  -14.4212   0.0000   0.1541
 -17.200  -1.3160   0.01814   0.01476  -0.0961  0.9956  0.0066  -14.3102   0.0000   0.1545
 -17.100  -1.3126   0.01786   0.01447  -0.0956  0.9954  0.0066  -14.1998   0.0000   0.1550
 -17.000  -1.3094   0.01756   0.01416  -0.0949  0.9952  0.0066  -14.0917   0.0000   0.1555
 -16.900  -1.3070   0.01723   0.01382  -0.0942  0.9950  0.0066  -13.9908   0.0000   0.1561
 -16.800  -1.3112   0.01668   0.01325  -0.0930  0.9946  0.0066  -13.9477   0.0000   0.1574
 -16.700  -1.3084   0.01639   0.01294  -0.0923  0.9942  0.0066  -13.8431   0.0000   0.1580
 -16.600  -1.3048   0.01612   0.01267  -0.0917  0.9937  0.0066  -13.7314   0.0000   0.1585
 -16.500  -1.3011   0.01586   0.01240  -0.0910  0.9931  0.0067  -13.6197   0.0000   0.1590
 -16.400  -1.2976   0.01560   0.01212  -0.0903  0.9922  0.0067  -13.5094   0.0000   0.1595
 -16.300  -1.2945   0.01532   0.01184  -0.0896  0.9910  0.0067  -13.4034   0.0000   0.1601
 -16.200  -1.2933   0.01498   0.01148  -0.0887  0.9870  0.0067  -13.3136   0.0000   0.1609
 -16.100  -1.2905   0.01464   0.01108  -0.0882  0.9462  0.0067  -13.2121   0.0000   0.1614
 -16.000  -1.2888   0.01446   0.01083  -0.0871  0.9293  0.0067  -13.1166   0.0000   0.1624
 -15.900  -1.2869   0.01426   0.01059  -0.0859  0.9119  0.0067  -13.0200   0.0000   0.1633
 -15.800  -1.2846   0.01404   0.01034  -0.0849  0.9002  0.0067  -12.9210   0.0000   0.1642
 -15.700  -1.2836   0.01380   0.01008  -0.0838  0.8975  0.0067  -12.8320   0.0000   0.1652
 -15.600  -1.2876   0.01351   0.00975  -0.0819  0.8907  0.0067  -12.7844   0.0000   0.1671
 -15.500  -1.2864   0.01335   0.00955  -0.0806  0.8801  0.0067  -12.6933   0.0000   0.1682
 -15.400  -1.2859   0.01318   0.00934  -0.0792  0.8685  0.0067  -12.6089   0.0000   0.1695
 -15.300  -1.2913   0.01297   0.00909  -0.0769  0.8538  0.0067  -12.5708   0.0000   0.1717
 -15.200  -1.2976   0.01281   0.00891  -0.0742  0.8496  0.0067  -12.5390   0.0000   0.1742
 -15.100  -1.3159   0.01273   0.00879  -0.0695  0.8463  0.0067  -12.5996   0.0000   0.1788
 -15.000  -1.3106   0.01261   0.00865  -0.0687  0.8425  0.0067  -12.4764   0.0000   0.1793
 -14.900  -1.3047   0.01250   0.00851  -0.0680  0.8376  0.0067  -12.3487   0.0000   0.1798
 -14.800  -1.2982   0.01239   0.00838  -0.0674  0.8318  0.0067  -12.2177   0.0000   0.1802
 -14.700  -1.2913   0.01228   0.00824  -0.0668  0.8258  0.0067  -12.0835   0.0000   0.1805
 -14.600  -1.2840   0.01216   0.00812  -0.0663  0.8196  0.0067  -11.9469   0.0000   0.1807
 -14.500  -1.2763   0.01205   0.00799  -0.0659  0.8131  0.0067  -11.8083   0.0000   0.1809
 -14.400  -1.2684   0.01194   0.00786  -0.0655  0.8064  0.0067  -11.6683   0.0000   0.1811
 -14.300  -1.2602   0.01182   0.00774  -0.0652  0.8010  0.0067  -11.5272   0.0000   0.1812
 -14.200  -1.2518   0.01170   0.00761  -0.0649  0.8004  0.0068  -11.3856   0.0000   0.1812
 -14.100  -1.2433   0.01158   0.00747  -0.0646  0.7998  0.0068  -11.2437   0.0000   0.1813
 -14.000  -1.2344   0.01147   0.00736  -0.0643  0.7990  0.0068  -11.1000   0.0000   0.1812
 -13.900  -1.2255   0.01136   0.00724  -0.0641  0.7979  0.0068  -10.9560   0.0000   0.1812
 -13.800  -1.2164   0.01125   0.00713  -0.0639  0.7961  0.0068  -10.8120   0.0000   0.1811
 -13.700  -1.2072   0.01115   0.00702  -0.0637  0.7929  0.0068  -10.6680   0.0000   0.1811
 -13.600  -1.1979   0.01106   0.00691  -0.0635  0.7888  0.0068  -10.5241   0.0000   0.1810
 -13.500  -1.1885   0.01097   0.00680  -0.0633  0.7844  0.0068  -10.3802   0.0000   0.1808
 -13.400  -1.1790   0.01087   0.00669  -0.0632  0.7803  0.0068  -10.2363   0.0000   0.1807
 -13.300  -1.1693   0.01078   0.00658  -0.0630  0.7765  0.0068  -10.0923   0.0000   0.1805
 -13.200  -1.1596   0.01068   0.00648  -0.0629  0.7726  0.0068  -9.9485   0.0000   0.1803
 -13.100  -1.1497   0.01059   0.00638  -0.0628  0.7685  0.0068  -9.8049   0.0000   0.1800
 -13.000  -1.1398   0.01049   0.00628  -0.0627  0.7646  0.0068  -9.6615   0.0000   0.1798
 -12.900  -1.1298   0.01040   0.00618  -0.0627  0.7605  0.0068  -9.5185   0.0000   0.1795
 -12.800  -1.1196   0.01030   0.00608  -0.0626  0.7565  0.0069  -9.3759   0.0000   0.1792
 -12.700  -1.1095   0.01021   0.00598  -0.0625  0.7531  0.0069  -9.2337   0.0000   0.1789
 -12.600  -1.0992   0.01012   0.00588  -0.0625  0.7510  0.0069  -9.0919   0.0000   0.1785
 -12.500  -1.0889   0.01002   0.00579  -0.0625  0.7507  0.0069  -8.9505   0.0000   0.1781
 -12.400  -1.0785   0.00993   0.00569  -0.0624  0.7504  0.0069  -8.8097   0.0000   0.1777
 -12.300  -1.0681   0.00984   0.00560  -0.0624  0.7501  0.0069  -8.6695   0.0000   0.1773
 -12.200  -1.0576   0.00975   0.00551  -0.0624  0.7498  0.0069  -8.5299   0.0000   0.1769
 -12.100  -1.0470   0.00966   0.00542  -0.0624  0.7493  0.0069  -8.3909   0.0000   0.1764
 -12.000  -1.0364   0.00957   0.00534  -0.0624  0.7487  0.0069  -8.2526   0.0000   0.1759
 -11.900  -1.0258   0.00948   0.00525  -0.0624  0.7479  0.0069  -8.1150   0.0000   0.1754
 -11.800  -1.0151   0.00940   0.00516  -0.0624  0.7467  0.0069  -7.9782   0.0000   0.1749
 -11.700  -1.0044   0.00932   0.00508  -0.0624  0.7444  0.0069  -7.8422   0.0000   0.1743
 -11.600  -0.9937   0.00925   0.00499  -0.0625  0.7406  0.0070  -7.7072   0.0000   0.1738
 -11.500  -0.9830   0.00919   0.00491  -0.0625  0.7356  0.0070  -7.5731   0.0000   0.1732
 -11.400  -0.9723   0.00912   0.00483  -0.0625  0.7302  0.0070  -7.4397   0.0000   0.1726
 -11.300  -0.9614   0.00905   0.00475  -0.0625  0.7247  0.0070  -7.3070   0.0000   0.1719
 -11.200  -0.9505   0.00898   0.00467  -0.0626  0.7193  0.0070  -7.1748   0.0000   0.1713
 -11.100  -0.9396   0.00891   0.00459  -0.0626  0.7139  0.0070  -7.0434   0.0000   0.1706
 -11.000  -0.9286   0.00884   0.00452  -0.0627  0.7086  0.0070  -6.9127   0.0000   0.1698
 -10.900  -0.9176   0.00877   0.00444  -0.0627  0.7040  0.0070  -6.7828   0.0000   0.1690
 -10.800  -0.9066   0.00869   0.00436  -0.0628  0.7010  0.0070  -6.6537   0.0000   0.1682
 -10.700  -0.8955   0.00862   0.00429  -0.0629  0.7007  0.0070  -6.5254   0.0000   0.1674
 -10.600  -0.8843   0.00854   0.00422  -0.0630  0.7005  0.0071  -6.3979   0.0000   0.1665
 -10.500  -0.8732   0.00847   0.00414  -0.0630  0.7002  0.0071  -6.2714   0.0000   0.1656
 -10.400  -0.8620   0.00840   0.00407  -0.0631  0.6998  0.0071  -6.1457   0.0000   0.1647
 -10.300  -0.8508   0.00833   0.00400  -0.0632  0.6995  0.0071  -6.0209   0.0000   0.1637
 -10.200  -0.8395   0.00826   0.00394  -0.0633  0.6990  0.0071  -5.8970   0.0000   0.1627
 -10.100  -0.8283   0.00819   0.00387  -0.0634  0.6985  0.0071  -5.7740   0.0000   0.1617
 -10.000  -0.8170   0.00812   0.00380  -0.0635  0.6978  0.0071  -5.6520   0.0000   0.1606
  -9.900  -0.8057   0.00806   0.00374  -0.0636  0.6969  0.0071  -5.5341   0.0000   0.1595
  -9.800  -0.7944   0.00800   0.00368  -0.0637  0.6955  0.0071  -5.4514   0.0000   0.1583
  -9.700  -0.7830   0.00795   0.00361  -0.0638  0.6932  0.0070  -5.3700   0.0000   0.1571
  -9.600  -0.7717   0.00790   0.00354  -0.0639  0.6905  0.0071  -5.2877   0.0000   0.1559
  -9.500  -0.7604   0.00784   0.00348  -0.0640  0.6871  0.0071  -5.2058   0.0000   0.1546
  -9.400  -0.7491   0.00779   0.00342  -0.0641  0.6833  0.0071  -5.1244   0.0000   0.1532
  -9.300  -0.7377   0.00774   0.00336  -0.0642  0.6794  0.0071  -5.0434   0.0000   0.1519
  -9.200  -0.7264   0.00769   0.00330  -0.0643  0.6752  0.0071  -4.9628   0.0000   0.1504
  -9.100  -0.7149   0.00764   0.00324  -0.0644  0.6708  0.0071  -4.8825   0.0000   0.1489
  -9.000  -0.7035   0.00759   0.00319  -0.0646  0.6661  0.0071  -4.8027   0.0000   0.1474
  -8.900  -0.6920   0.00753   0.00313  -0.0647  0.6612  0.0071  -4.7234   0.0000   0.1457
  -8.800  -0.6805   0.00748   0.00308  -0.0648  0.6562  0.0071  -4.6444   0.0000   0.1440
  -8.700  -0.6690   0.00742   0.00302  -0.0649  0.6519  0.0072  -4.5659   0.0000   0.1423
  -8.600  -0.6575   0.00737   0.00296  -0.0651  0.6506  0.0072  -4.4879   0.0000   0.1404
  -8.500  -0.6459   0.00731   0.00291  -0.0652  0.6503  0.0072  -4.4102   0.0000   0.1385
  -8.400  -0.6344   0.00726   0.00286  -0.0653  0.6499  0.0072  -4.3331   0.0000   0.1365
  -8.300  -0.6228   0.00720   0.00280  -0.0655  0.6495  0.0072  -4.2564   0.0000   0.1344
  -8.200  -0.6112   0.00715   0.00275  -0.0656  0.6490  0.0072  -4.1803   0.0000   0.1322
  -8.100  -0.5996   0.00709   0.00270  -0.0658  0.6484  0.0073  -4.1046   0.0000   0.1300
  -8.000  -0.5880   0.00704   0.00265  -0.0659  0.6478  0.0073  -4.0293   0.0000   0.1276
  -7.900  -0.5764   0.00699   0.00260  -0.0660  0.6470  0.0075  -3.9545   0.0000   0.1252
  -7.800  -0.5647   0.00694   0.00255  -0.0662  0.6458  0.0076  -3.8802   0.0000   0.1226
  -7.700  -0.5531   0.00689   0.00250  -0.0663  0.6438  0.0078  -3.8064   0.0000   0.1199
  -7.600  -0.5415   0.00684   0.00245  -0.0665  0.6413  0.0080  -3.7331   0.0000   0.1171
  -7.500  -0.5300   0.00680   0.00240  -0.0666  0.6381  0.0082  -3.6603   0.0000   0.1142
  -7.400  -0.5184   0.00676   0.00235  -0.0667  0.6348  0.0084  -3.5879   0.0000   0.1111
  -7.300  -0.5068   0.00672   0.00230  -0.0669  0.6314  0.0086  -3.5157   0.0000   0.1079
  -7.200  -0.4951   0.00667   0.00225  -0.0670  0.6280  0.0089  -3.4438   0.0000   0.1045
  -7.100  -0.4835   0.00662   0.00220  -0.0672  0.6245  0.0091  -3.3719   0.0000   0.1010
  -7.000  -0.4718   0.00657   0.00215  -0.0673  0.6211  0.0093  -3.3004   0.0000   0.0972
  -6.900  -0.4601   0.00653   0.00211  -0.0675  0.6175  0.0095  -3.2292   0.0000   0.0932
  -6.800  -0.4484   0.00649   0.00206  -0.0677  0.6140  0.0096  -3.1582   0.0000   0.0890
  -6.700  -0.4367   0.00644   0.00202  -0.0678  0.6105  0.0098  -3.0850   0.0000   0.0846
  -6.600  -0.4249   0.00640   0.00198  -0.0680  0.6069  0.0099  -3.0104   0.0000   0.0799
  -6.500  -0.4132   0.00637   0.00194  -0.0681  0.6037  0.0099  -2.9427   0.0000   0.0750
  -6.400  -0.4014   0.00633   0.00190  -0.0683  0.6011  0.0099  -2.8755   0.0000   0.0697
  -6.300  -0.3896   0.00629   0.00186  -0.0685  0.6004  0.0099  -2.8089   0.0000   0.0641
  -6.200  -0.3778   0.00625   0.00183  -0.0686  0.6002  0.0100  -2.7428   0.0000   0.0581
  -6.100  -0.3660   0.00621   0.00179  -0.0688  0.6000  0.0100  -2.6773   0.0000   0.0517
  -6.000  -0.3541   0.00617   0.00176  -0.0690  0.5997  0.0100  -2.6123   0.0000   0.0449
  -5.900  -0.3423   0.00613   0.00172  -0.0691  0.5994  0.0100  -2.5479   0.0000   0.0376
  -5.800  -0.3305   0.00610   0.00169  -0.0693  0.5991  0.0100  -2.4841   0.0000   0.0298
  -5.700  -0.3187   0.00606   0.00166  -0.0695  0.5987  0.0100  -2.4209   0.0000   0.0214
  -5.600  -0.3068   0.00603   0.00163  -0.0696  0.5983  0.0100  -2.3582   0.0000   0.0123
  -5.500  -0.2950   0.00599   0.00160  -0.0698  0.5977  0.0100  -2.2962   0.0000   0.0025
  -5.400  -0.2831   0.00596   0.00157  -0.0700  0.5969  0.0100  -2.2348   0.0000  -0.0081
  -5.300  -0.2713   0.00593   0.00154  -0.0701  0.5958  0.0100  -2.1740   0.0000  -0.0196
  -5.200  -0.2595   0.00590   0.00151  -0.0703  0.5939  0.0100  -2.1140   0.0000  -0.0322
  -5.100  -0.2477   0.00588   0.00148  -0.0705  0.5915  0.0100  -2.0550   0.0000  -0.0459
  -5.000  -0.2359   0.00586   0.00145  -0.0706  0.5886  0.0100  -2.0007   0.0000  -0.0610
  -4.900  -0.2242   0.00584   0.00142  -0.0708  0.5856  0.0102  -1.9430   0.0000  -0.0777
  -4.800  -0.2124   0.00582   0.00140  -0.0709  0.5824  0.0106  -1.8869   0.0000  -0.0963
  -4.700  -0.2006   0.00580   0.00137  -0.0711  0.5790  0.0111  -1.8304   0.0000  -0.1171
  -4.600  -0.1888   0.00578   0.00135  -0.0713  0.5754  0.0116  -1.7742   0.0000  -0.1405
  -4.500  -0.1770   0.00575   0.00132  -0.0714  0.5716  0.0122  -1.7182   0.0000  -0.1671
  -4.400  -0.1651   0.00572   0.00129  -0.0716  0.5676  0.0128  -1.6627   0.0000  -0.1976
  -4.300  -0.1533   0.00568   0.00126  -0.0718  0.5635  0.0135  -1.6076   0.0000  -0.2329
  -4.200  -0.1414   0.00564   0.00123  -0.0720  0.5591  0.0143  -1.5526   0.0000  -0.2742
  -4.100  -0.1296   0.00545   0.00111  -0.0722  0.5548  0.0272  -1.4967   0.0000  -0.3237
  -4.000  -0.1177   0.00543   0.00109  -0.0724  0.5512  0.0273  -1.4432   0.0000  -0.3826
  -3.900  -0.1058   0.00541   0.00106  -0.0726  0.5501  0.0274  -1.3901   0.0000  -0.4548
  -3.800  -0.0938   0.00538   0.00104  -0.0728  0.5499  0.0275  -1.3376   0.0000  -0.5455
  -3.700  -0.0819   0.00536   0.00102  -0.0730  0.5496  0.0276  -1.2856   0.0000  -0.6625
  -3.600  -0.0700   0.00534   0.00101  -0.0731  0.5493  0.0277  -1.2342   0.0000  -0.8195
  -3.500  -0.0581   0.00532   0.00099  -0.0733  0.5489  0.0278  -1.1834   0.0000  -1.0409
  -3.400  -0.0462   0.00530   0.00097  -0.0735  0.5485  0.0279  -1.1331   0.0000  -1.3765
  -3.300  -0.0342   0.00528   0.00095  -0.0737  0.5480  0.0280  -1.0834   0.0000  -1.9458
  -3.200  -0.0223   0.00526   0.00094  -0.0738  0.5473  0.0280  -1.0342   0.0000  -3.1215
  -3.100  -0.0104   0.00524   0.00092  -0.0740  0.5462  0.0281  -0.9857   0.0000  -6.9712
  -3.000   0.0014   0.00523   0.00091  -0.0742  0.5439  0.0282  -0.9379   0.0000  54.2158
  -2.900   0.0132   0.00524   0.00090  -0.0743  0.5401  0.0283  -0.8907   0.0000   5.9877
  -2.800   0.0249   0.00524   0.00089  -0.0745  0.5355  0.0289  -0.8442   0.0000   3.2876
  -2.700   0.0367   0.00525   0.00088  -0.0746  0.5309  0.0297  -0.7982   0.0000   2.3165
  -2.600   0.0485   0.00526   0.00087  -0.0748  0.5260  0.0308  -0.7585   0.0000   1.8163
  -2.500   0.0602   0.00527   0.00087  -0.0750  0.5153  0.0319  -0.7235   0.0000   1.5128
  -2.400   0.0719   0.00528   0.00086  -0.0751  0.5003  0.0330  -0.6887   0.0000   1.3077
  -2.200   0.0955   0.00528   0.00084  -0.0754  0.4940  0.0352  -0.6201   0.0000   1.0487
  -2.100   0.1066   0.00539   0.00086  -0.0755  0.4732  0.0362  -0.5875   0.0000   0.9658
  -2.000   0.1182   0.00542   0.00087  -0.0756  0.4550  0.0373  -0.5768   0.0000   0.8962
  -1.900   0.1300   0.00541   0.00085  -0.0758  0.4491  0.0384  -0.5838   0.0000   0.8381
  -1.800   0.1419   0.00540   0.00084  -0.0760  0.4482  0.0395  -0.5910   0.0000   0.7897
  -1.700   0.1538   0.00539   0.00083  -0.0762  0.4468  0.0407  -0.5981   0.0000   0.7488
  -1.600   0.1655   0.00540   0.00083  -0.0763  0.4423  0.0418  -0.6052   0.0000   0.7141
  -1.500   0.1766   0.00550   0.00086  -0.0764  0.4248  0.0429  -0.6118   0.0000   0.6850
  -1.400   0.1880   0.00555   0.00087  -0.0765  0.4036  0.0440  -0.6185   0.0000   0.6588
  -1.300   0.1997   0.00557   0.00086  -0.0767  0.3948  0.0452  -0.6258   0.0000   0.6354
  -0.900   0.2388   0.00669   0.00123  -0.0763  0.1495  0.0493  -0.6489   0.0000   0.5697
  -0.700   0.2608   0.00689   0.00130  -0.0764  0.0980  0.0515  -0.6623   0.0000   0.5426
  -0.600   0.2722   0.00694   0.00132  -0.0765  0.0910  0.0526  -0.6692   0.0000   0.5305
  -0.500   0.2835   0.00700   0.00135  -0.0765  0.0845  0.0537  -0.6760   0.0000   0.5194
  -0.400   0.2951   0.00697   0.00135  -0.0767  0.0776  0.0774  -0.6830   0.0000   0.5092
  -0.300   0.3067   0.00699   0.00136  -0.0768  0.0715  0.0776  -0.6900   0.0000   0.4995
  -0.200   0.3184   0.00700   0.00137  -0.0770  0.0710  0.0777  -0.6971   0.0000   0.4906
  -0.100   0.3300   0.00701   0.00137  -0.0771  0.0708  0.0778  -0.7042   0.0000   0.4823
   0.000   0.3417   0.00702   0.00138  -0.0773  0.0706  0.0783  -0.7113   0.0000   0.4746
   0.100   0.3527   0.00712   0.00143  -0.0773  0.0462  0.0790  -0.7179   0.0000   0.4675
   0.200   0.3642   0.00714   0.00144  -0.0774  0.0444  0.0822  -0.7250   0.0000   0.4607
   0.300   0.3758   0.00716   0.00145  -0.0775  0.0427  0.0858  -0.7320   0.0000   0.4543
   0.400   0.3874   0.00717   0.00146  -0.0777  0.0411  0.0892  -0.7391   0.0000   0.4484
   0.500   0.3990   0.00718   0.00147  -0.0778  0.0394  0.0921  -0.7461   0.0000   0.4428
   0.600   0.4105   0.00719   0.00149  -0.0779  0.0378  0.0944  -0.7532   0.0000   0.4375
   0.700   0.4221   0.00722   0.00150  -0.0780  0.0362  0.0932  -0.7612   0.0000   0.4324
   0.800   0.4335   0.00728   0.00153  -0.0781  0.0312  0.0856  -0.7692   0.0000   0.4276
   0.900   0.4451   0.00728   0.00154  -0.0782  0.0299  0.0912  -0.7772   0.0000   0.4231
   1.000   0.4567   0.00727   0.00155  -0.0784  0.0288  0.0966  -0.7853   0.0000   0.4188
   1.100   0.4684   0.00726   0.00155  -0.0785  0.0277  0.1018  -0.7933   0.0000   0.4148
   1.200   0.4800   0.00727   0.00157  -0.0787  0.0267  0.1167  -0.8014   0.0000   0.4109
   1.500   0.5149   0.00722   0.00160  -0.0792  0.0237  0.1528  -0.8272   0.0000   0.4005
   1.600   0.5264   0.00724   0.00161  -0.0793  0.0228  0.1531  -0.8364   0.0000   0.3972
   1.700   0.5380   0.00726   0.00163  -0.0794  0.0221  0.1535  -0.8457   0.0000   0.3941
   1.800   0.5495   0.00728   0.00166  -0.0795  0.0220  0.1649  -0.8549   0.0000   0.3911
   1.900   0.5612   0.00724   0.00166  -0.0797  0.0219  0.1906  -0.8642   0.0000   0.3884
   2.000   0.5732   0.00709   0.00166  -0.0801  0.0218  0.2519  -0.8737   0.0000   0.3859
   2.100   0.5849   0.00702   0.00167  -0.0803  0.0216  0.2923  -0.8831   0.0000   0.3834
   2.200   0.5968   0.00690   0.00167  -0.0806  0.0215  0.3441  -0.8925   0.0000   0.3811
   2.400   0.6202   0.00678   0.00171  -0.0811  0.0213  0.4160  -0.9113   0.0000   0.3766
   2.500   0.6319   0.00672   0.00172  -0.0813  0.0212  0.4471  -0.9208   0.0000   0.3745
   2.600   0.6434   0.00674   0.00175  -0.0815  0.0210  0.4501  -0.9311   0.0000   0.3722
   2.700   0.6548   0.00677   0.00178  -0.0816  0.0208  0.4575  -0.9419   0.0000   0.3701
   2.900   0.6777   0.00680   0.00183  -0.0818  0.0206  0.4789  -0.9715   0.0000   0.3660
   3.000   0.6880   0.00693   0.00194  -0.0817  0.0100  0.4880  -0.9871   0.0000   0.3640
   3.100   0.6993   0.00695   0.00197  -0.0818  0.0098  0.4961  -1.0033   0.0000   0.3622
   3.300   0.7219   0.00703   0.00205  -0.0820  0.0093  0.4999  -1.0458   0.0000   0.3585
   3.400   0.7331   0.00707   0.00209  -0.0820  0.0090  0.5101  -1.0849   0.0000   0.3568
   3.500   0.7444   0.00709   0.00213  -0.0821  0.0087  0.5255  -1.1286   0.0000   0.3551
   3.600   0.7557   0.00710   0.00217  -0.0822  0.0084  0.5389  -1.1838   0.0000   0.3535
   3.700   0.7669   0.00713   0.00221  -0.0823  0.0081  0.5460  -1.2396   0.0000   0.3519
   3.800   0.7781   0.00717   0.00225  -0.0824  0.0078  0.5479  -1.2959   0.0000   0.3504
   3.900   0.7893   0.00721   0.00228  -0.0824  0.0072  0.5487  -1.3525   0.0000   0.3488
   4.100   0.8116   0.00732   0.00237  -0.0825  0.0054  0.5495  -1.4336   0.0000   0.3458
   4.200   0.8227   0.00736   0.00241  -0.0826  0.0054  0.5498  -1.4884   0.0000   0.3444
   4.300   0.8339   0.00741   0.00245  -0.0826  0.0054  0.5524  -1.5429   0.0000   0.3430
   5.400   0.9551   0.00790   0.00298  -0.0830  0.0054  0.5934  -2.2575   0.0000   0.3297
   5.500   0.9661   0.00794   0.00302  -0.0830  0.0054  0.5950  -2.3458   0.0000   0.3286
   5.600   0.9769   0.00799   0.00306  -0.0831  0.0054  0.5961  -2.4175   0.0000   0.3276
   5.700   0.9878   0.00805   0.00311  -0.0831  0.0054  0.5968  -2.4886   0.0000   0.3265
   5.800   0.9986   0.00810   0.00316  -0.0831  0.0054  0.5974  -2.5597   0.0000   0.3255
   5.900   1.0094   0.00815   0.00321  -0.0831  0.0054  0.5978  -2.6310   0.0000   0.3245
   6.000   1.0202   0.00821   0.00326  -0.0831  0.0054  0.5982  -2.7036   0.0000   0.3235
   6.100   1.0309   0.00827   0.00332  -0.0830  0.0054  0.5986  -2.7755   0.0000   0.3225
   6.200   1.0416   0.00832   0.00337  -0.0830  0.0054  0.5989  -2.8477   0.0000   0.3216
   6.300   1.0523   0.00838   0.00342  -0.0830  0.0053  0.5991  -2.9203   0.0000   0.3206
   6.400   1.0629   0.00844   0.00348  -0.0830  0.0053  0.5993  -2.9935   0.0000   0.3197
   6.500   1.0735   0.00850   0.00353  -0.0829  0.0053  0.6004  -3.0672   0.0000   0.3188
   6.600   1.0841   0.00856   0.00359  -0.0829  0.0053  0.6034  -3.1414   0.0000   0.3179
   6.700   1.0946   0.00862   0.00364  -0.0829  0.0053  0.6071  -3.2161   0.0000   0.3170
   6.800   1.1052   0.00868   0.00370  -0.0828  0.0053  0.6109  -3.2913   0.0000   0.3161
   6.900   1.1156   0.00874   0.00376  -0.0828  0.0053  0.6147  -3.3671   0.0000   0.3152
   7.000   1.1261   0.00880   0.00382  -0.0827  0.0053  0.6185  -3.4434   0.0000   0.3143
   7.100   1.1365   0.00886   0.00388  -0.0826  0.0053  0.6223  -3.5202   0.0000   0.3135
   7.200   1.1469   0.00892   0.00394  -0.0826  0.0053  0.6260  -3.5976   0.0000   0.3126
   7.300   1.1573   0.00897   0.00400  -0.0825  0.0053  0.6296  -3.6755   0.0000   0.3118
   7.400   1.1676   0.00903   0.00406  -0.0824  0.0053  0.6332  -3.7539   0.0000   0.3110
   7.500   1.1779   0.00908   0.00413  -0.0824  0.0052  0.6367  -3.8414   0.0000   0.3102
   7.600   1.1882   0.00914   0.00420  -0.0823  0.0052  0.6398  -3.9257   0.0000   0.3094
   7.700   1.1983   0.00921   0.00426  -0.0822  0.0051  0.6426  -4.0072   0.0000   0.3086
   7.800   1.2085   0.00927   0.00433  -0.0821  0.0051  0.6445  -4.0885   0.0000   0.3078
   7.900   1.2185   0.00934   0.00440  -0.0819  0.0051  0.6456  -4.1699   0.0000   0.3070
   8.000   1.2285   0.00941   0.00447  -0.0818  0.0051  0.6464  -4.2516   0.0000   0.3062
   8.100   1.2385   0.00948   0.00453  -0.0817  0.0051  0.6471  -4.3336   0.0000   0.3054
   8.200   1.2484   0.00955   0.00460  -0.0815  0.0050  0.6476  -4.4160   0.0000   0.3046
   8.300   1.2582   0.00963   0.00467  -0.0813  0.0050  0.6480  -4.4986   0.0000   0.3038
   8.400   1.2680   0.00970   0.00474  -0.0812  0.0050  0.6483  -4.5816   0.0000   0.3030
   8.500   1.2777   0.00977   0.00481  -0.0810  0.0050  0.6487  -4.6650   0.0000   0.3023
   8.600   1.2874   0.00985   0.00489  -0.0808  0.0050  0.6490  -4.7487   0.0000   0.3015
   8.700   1.2970   0.00993   0.00496  -0.0806  0.0050  0.6505  -4.8327   0.0000   0.3007
   8.800   1.3065   0.01000   0.00504  -0.0804  0.0049  0.6553  -4.9171   0.0000   0.3000
   8.900   1.3160   0.01008   0.00511  -0.0802  0.0049  0.6610  -5.0017   0.0000   0.2992
   9.000   1.3253   0.01015   0.00519  -0.0799  0.0049  0.6667  -5.0866   0.0000   0.2985
   9.100   1.3347   0.01022   0.00527  -0.0797  0.0049  0.6725  -5.1719   0.0000   0.2977
   9.200   1.3439   0.01030   0.00535  -0.0794  0.0049  0.6780  -5.2574   0.0000   0.2970
   9.300   1.3530   0.01037   0.00543  -0.0791  0.0048  0.6832  -5.3431   0.0000   0.2962
   9.400   1.3621   0.01044   0.00552  -0.0788  0.0048  0.6881  -5.4289   0.0000   0.2955
   9.500   1.3710   0.01052   0.00560  -0.0785  0.0048  0.6920  -5.5148   0.0000   0.2947
   9.600   1.3798   0.01060   0.00569  -0.0782  0.0048  0.6944  -5.6007   0.0000   0.2939
   9.700   1.3884   0.01069   0.00577  -0.0778  0.0047  0.6958  -5.6866   0.0000   0.2932
   9.800   1.3969   0.01077   0.00586  -0.0774  0.0047  0.6967  -5.7725   0.0000   0.2924
   9.900   1.4052   0.01086   0.00595  -0.0770  0.0046  0.6973  -5.8582   0.0000   0.2916
  10.000   1.4133   0.01095   0.00604  -0.0765  0.0046  0.6978  -5.9436   0.0000   0.2908
  10.100   1.4213   0.01105   0.00613  -0.0760  0.0045  0.6982  -6.0287   0.0000   0.2900
  10.200   1.4290   0.01114   0.00622  -0.0755  0.0045  0.6986  -6.1133   0.0000   0.2892
  10.300   1.4365   0.01124   0.00632  -0.0749  0.0044  0.6989  -6.1973   0.0000   0.2883
  10.400   1.4437   0.01134   0.00642  -0.0743  0.0044  0.7004  -6.2806   0.0000   0.2875
  10.500   1.4507   0.01144   0.00652  -0.0736  0.0043  0.7042  -6.3630   0.0000   0.2866
  10.600   1.4601   0.01145   0.00656  -0.0733  0.0049  0.7086  -6.4436   0.0000   0.2860
  10.700   1.4665   0.01154   0.00664  -0.0726  0.0049  0.7131  -6.5222   0.0000   0.2851
  10.800   1.4540   0.01156   0.00670  -0.0680  0.0049  0.7186  -6.5166   0.0000   0.2822
  10.900   1.4566   0.01165   0.00679  -0.0664  0.0049  0.7233  -6.5790   0.0000   0.2809
  11.000   1.4609   0.01174   0.00689  -0.0653  0.0049  0.7282  -6.6499   0.0000   0.2798
  11.100   1.4659   0.01183   0.00700  -0.0642  0.0049  0.7335  -6.7244   0.0000   0.2788
  11.200   1.4712   0.01192   0.00711  -0.0633  0.0049  0.7385  -6.8007   0.0000   0.2779
  11.300   1.4766   0.01202   0.00723  -0.0624  0.0049  0.7427  -6.8782   0.0000   0.2769
  11.400   1.4820   0.01213   0.00734  -0.0614  0.0048  0.7450  -6.9562   0.0000   0.2760
  11.500   1.4874   0.01225   0.00746  -0.0605  0.0048  0.7462  -7.0346   0.0000   0.2751
  11.600   1.4927   0.01237   0.00758  -0.0596  0.0048  0.7471  -7.1129   0.0000   0.2742
  11.700   1.4978   0.01249   0.00771  -0.0587  0.0048  0.7477  -7.1908   0.0000   0.2732
  11.800   1.4951   0.01270   0.00793  -0.0564  0.0048  0.7483  -7.2302   0.0000   0.2716
  11.900   1.4969   0.01287   0.00811  -0.0550  0.0047  0.7487  -7.2923   0.0000   0.2705
  12.000   1.5007   0.01303   0.00827  -0.0539  0.0047  0.7501  -7.3646   0.0000   0.2695
  12.100   1.5052   0.01318   0.00843  -0.0529  0.0046  0.7547  -7.4402   0.0000   0.2686
  12.200   1.5098   0.01334   0.00860  -0.0520  0.0046  0.7603  -7.5171   0.0000   0.2677
  12.300   1.5144   0.01350   0.00877  -0.0511  0.0045  0.7656  -7.5944   0.0000   0.2668
  12.400   1.5189   0.01367   0.00894  -0.0502  0.0045  0.7707  -7.6716   0.0000   0.2659
  12.500   1.5233   0.01384   0.00913  -0.0493  0.0044  0.7755  -7.7482   0.0000   0.2651
  12.600   1.5203   0.01414   0.00945  -0.0473  0.0043  0.7808  -7.7870   0.0000   0.2636
  12.700   1.5216   0.01438   0.00971  -0.0459  0.0043  0.7856  -7.8475   0.0000   0.2626
  12.800   1.5250   0.01458   0.00993  -0.0449  0.0042  0.7901  -7.9193   0.0000   0.2617
  12.900   1.5290   0.01478   0.01014  -0.0440  0.0041  0.7938  -7.9943   0.0000   0.2608
  13.000   1.5333   0.01497   0.01033  -0.0431  0.0040  0.7969  -8.0709   0.0000   0.2600
  13.100   1.5377   0.01515   0.01053  -0.0423  0.0039  0.7991  -8.1482   0.0000   0.2592
  13.200   1.5421   0.01534   0.01074  -0.0415  0.0038  0.8050  -8.2257   0.0000   0.2584
  13.300   1.5465   0.01554   0.01095  -0.0407  0.0037  0.8172  -8.3033   0.0000   0.2576
  13.400   1.5507   0.01573   0.01117  -0.0399  0.0037  0.8286  -8.3805   0.0000   0.2568
  13.500   1.5459   0.01616   0.01164  -0.0379  0.0036  0.8402  -8.4087   0.0000   0.2555
  13.600   1.5477   0.01645   0.01195  -0.0368  0.0035  0.8449  -8.4728   0.0000   0.2545
  13.700   1.5512   0.01671   0.01221  -0.0359  0.0035  0.8467  -8.5462   0.0000   0.2538
  13.800   1.5553   0.01695   0.01247  -0.0351  0.0034  0.8480  -8.6226   0.0000   0.2530
  13.900   1.5595   0.01720   0.01272  -0.0344  0.0033  0.8490  -8.7005   0.0000   0.2523
  14.000   1.5639   0.01744   0.01297  -0.0337  0.0033  0.8568  -8.7789   0.0000   0.2516
  14.100   1.5681   0.01768   0.01323  -0.0329  0.0032  0.8686  -8.8572   0.0000   0.2508
  14.200   1.5722   0.01791   0.01349  -0.0322  0.0032  0.8800  -8.9345   0.0000   0.2501
  14.300   1.5759   0.01815   0.01377  -0.0314  0.0032  0.8913  -9.0101   0.0000   0.2494
  14.400   1.5706   0.01871   0.01439  -0.0296  0.0032  0.9110  -9.0352   0.0000   0.2481
  14.500   1.5680   0.01901   0.01481  -0.0279  0.0032  1.0000  -9.0765   0.0000   0.2469
  14.600   1.5716   0.01933   0.01514  -0.0272  0.0032  1.0000  -9.1512   0.0000   0.2462
  14.700   1.5756   0.01963   0.01544  -0.0265  0.0032  1.0000  -9.2291   0.0000   0.2455
  14.800   1.5799   0.01992   0.01574  -0.0259  0.0032  1.0000  -9.3083   0.0000   0.2449
  14.900   1.5842   0.02021   0.01603  -0.0253  0.0032  1.0000  -9.3882   0.0000   0.2443
  15.000   1.5885   0.02051   0.01633  -0.0247  0.0032  1.0000  -9.4681   0.0000   0.2437
  15.100   1.5927   0.02081   0.01664  -0.0241  0.0031  1.0000  -9.5478   0.0000   0.2430
  15.200   1.5968   0.02112   0.01696  -0.0235  0.0031  1.0000  -9.6269   0.0000   0.2424
  15.300   1.6006   0.02144   0.01729  -0.0229  0.0031  1.0000  -9.7050   0.0000   0.2418
  15.400   1.5939   0.02228   0.01815  -0.0214  0.0031  1.0000  -9.7209   0.0000   0.2407
  15.500   1.5947   0.02278   0.01866  -0.0205  0.0031  1.0000  -9.7805   0.0000   0.2400
  15.600   1.5979   0.02317   0.01905  -0.0199  0.0031  1.0000  -9.8549   0.0000   0.2393
  15.700   1.6016   0.02352   0.01941  -0.0194  0.0031  1.0000  -9.9328   0.0000   0.2388
  15.800   1.6056   0.02387   0.01977  -0.0188  0.0031  1.0000  -10.0122   0.0000   0.2382
  15.900   1.6097   0.02421   0.02012  -0.0183  0.0031  1.0000  -10.0923   0.0000   0.2376
  16.000   1.6137   0.02456   0.02047  -0.0178  0.0031  1.0000  -10.1725   0.0000   0.2371
  16.100   1.6176   0.02490   0.02081  -0.0173  0.0031  1.0000  -10.2523   0.0000   0.2365
  16.200   1.6214   0.02525   0.02117  -0.0168  0.0031  1.0000  -10.3314   0.0000   0.2360
  16.300   1.6251   0.02562   0.02154  -0.0163  0.0031  1.0000  -10.4101   0.0000   0.2354
  16.400   1.6285   0.02600   0.02194  -0.0158  0.0031  1.0000  -10.4872   0.0000   0.2349
  16.500   1.6182   0.02726   0.02322  -0.0145  0.0031  1.0000  -10.4783   0.0000   0.2339
  16.600   1.6201   0.02777   0.02375  -0.0139  0.0031  1.0000  -10.5460   0.0000   0.2333
  16.700   1.6230   0.02824   0.02423  -0.0134  0.0031  1.0000  -10.6204   0.0000   0.2328
  16.800   1.6264   0.02867   0.02467  -0.0130  0.0031  1.0000  -10.6981   0.0000   0.2323
  16.900   1.6301   0.02909   0.02510  -0.0126  0.0031  1.0000  -10.7779   0.0000   0.2318
  17.000   1.6339   0.02951   0.02553  -0.0122  0.0031  1.0000  -10.8582   0.0000   0.2313
  17.100   1.6376   0.02994   0.02596  -0.0118  0.0030  1.0000  -10.9383   0.0000   0.2308
  17.200   1.6413   0.03038   0.02641  -0.0114  0.0030  1.0000  -11.0179   0.0000   0.2303
  17.300   1.6447   0.03083   0.02687  -0.0110  0.0030  1.0000  -11.0965   0.0000   0.2299
  17.400   1.6479   0.03130   0.02735  -0.0106  0.0030  1.0000  -11.1738   0.0000   0.2294
  17.500   1.6508   0.03180   0.02785  -0.0102  0.0030  1.0000  -11.2492   0.0000   0.2289
  17.600   1.6380   0.03353   0.02962  -0.0092  0.0030  1.0000  -11.2200   0.0000   0.2281
  17.700   1.6400   0.03414   0.03025  -0.0088  0.0030  1.0000  -11.2888   0.0000   0.2276
  17.800   1.6430   0.03467   0.03079  -0.0085  0.0030  1.0000  -11.3646   0.0000   0.2272
  17.900   1.6463   0.03518   0.03130  -0.0082  0.0030  1.0000  -11.4428   0.0000   0.2268
  18.000   1.6498   0.03567   0.03180  -0.0079  0.0030  1.0000  -11.5221   0.0000   0.2263
  18.100   1.6533   0.03617   0.03231  -0.0076  0.0030  1.0000  -11.6017   0.0000   0.2259
  18.200   1.6567   0.03667   0.03281  -0.0073  0.0030  1.0000  -11.6812   0.0000   0.2255
  18.300   1.6600   0.03718   0.03333  -0.0071  0.0030  1.0000  -11.7600   0.0000   0.2251
  18.400   1.6631   0.03771   0.03387  -0.0068  0.0030  1.0000  -11.8377   0.0000   0.2247
  18.500   1.6660   0.03827   0.03443  -0.0065  0.0030  1.0000  -11.9139   0.0000   0.2243
  18.600   1.6686   0.03885   0.03502  -0.0062  0.0030  1.0000  -11.9879   0.0000   0.2239
  18.700   1.6710   0.03947   0.03565  -0.0060  0.0030  1.0000  -12.0607   0.0000   0.2235
  18.800   1.6551   0.04181   0.03804  -0.0056  0.0030  1.0000  -12.0042   0.0000   0.2229
  18.900   1.6574   0.04245   0.03870  -0.0054  0.0030  1.0000  -12.0762   0.0000   0.2226
  19.000   1.6603   0.04305   0.03930  -0.0052  0.0030  1.0000  -12.1520   0.0000   0.2222
  19.100   1.6633   0.04363   0.03989  -0.0050  0.0030  1.0000  -12.2294   0.0000   0.2218
  19.200   1.6664   0.04420   0.04047  -0.0048  0.0030  1.0000  -12.3073   0.0000   0.2215
  19.300   1.6695   0.04478   0.04106  -0.0047  0.0030  1.0000  -12.3851   0.0000   0.2211
  19.400   1.6724   0.04537   0.04166  -0.0045  0.0030  1.0000  -12.4624   0.0000   0.2208
  19.500   1.6755   0.04597   0.04227  -0.0044  0.0030  1.0000  -12.5401   0.0000   0.2205
  19.600   1.6783   0.04660   0.04290  -0.0042  0.0030  1.0000  -12.6165   0.0000   0.2201
  19.700   1.6808   0.04724   0.04355  -0.0041  0.0030  1.0000  -12.6907   0.0000   0.2198
  19.800   1.6829   0.04792   0.04425  -0.0040  0.0030  1.0000  -12.7617   0.0000   0.2195
  19.900   1.6843   0.04868   0.04501  -0.0040  0.0030  1.0000  -12.8280   0.0000   0.2192
  20.000   1.6645   0.05173   0.04812  -0.0041  0.0030  1.0000  -12.7343   0.0000   0.2190
  20.100   1.6668   0.05243   0.04884  -0.0041  0.0030  1.0000  -12.8066   0.0000   0.2187
  20.200   1.6695   0.05311   0.04953  -0.0041  0.0030  1.0000  -12.8813   0.0000   0.2184
  20.300   1.6724   0.05377   0.05020  -0.0040  0.0030  1.0000  -12.9588   0.0000   0.2181
  20.400   1.6754   0.05444   0.05087  -0.0040  0.0030  1.0000  -13.0366   0.0000   0.2179
  20.500   1.6784   0.05512   0.05155  -0.0040  0.0030  1.0000  -13.1139   0.0000   0.2176
  20.600   1.6811   0.05581   0.05226  -0.0040  0.0030  1.0000  -13.1903   0.0000   0.2173
  20.700   1.6837   0.05653   0.05299  -0.0040  0.0030  1.0000  -13.2652   0.0000   0.2171
  20.800   1.6860   0.05729   0.05375  -0.0040  0.0030  1.0000  -13.3378   0.0000   0.2168
  20.900   1.6878   0.05809   0.05457  -0.0041  0.0030  1.0000  -13.4074   0.0000   0.2166
  21.000   1.6891   0.05897   0.05546  -0.0042  0.0030  1.0000  -13.4722   0.0000   0.2163
  21.100   1.6894   0.05997   0.05647  -0.0043  0.0030  1.0000  -13.5296   0.0000   0.2161
  21.200   1.6658   0.06396   0.06054  -0.0052  0.0030  1.0000  -13.3946   0.0000   0.2164
  21.300   1.6682   0.06475   0.06133  -0.0053  0.0030  1.0000  -13.4677   0.0000   0.2162
  21.400   1.6708   0.06552   0.06211  -0.0054  0.0030  1.0000  -13.5422   0.0000   0.2159
  21.500   1.6734   0.06628   0.06289  -0.0055  0.0030  1.0000  -13.6172   0.0000   0.2157
  21.600   1.6760   0.06705   0.06366  -0.0057  0.0030  1.0000  -13.6919   0.0000   0.2155
  21.700   1.6785   0.06783   0.06446  -0.0058  0.0029  1.0000  -13.7659   0.0000   0.2153
  21.800   1.6808   0.06864   0.06527  -0.0059  0.0029  1.0000  -13.8386   0.0000   0.2151
  21.900   1.6828   0.06948   0.06613  -0.0061  0.0029  1.0000  -13.9092   0.0000   0.2149
  22.000   1.6846   0.07036   0.06702  -0.0063  0.0029  1.0000  -13.9777   0.0000   0.2148
  22.100   1.6858   0.07131   0.06799  -0.0065  0.0029  1.0000  -14.0410   0.0000   0.2146
  22.200   1.6861   0.07239   0.06908  -0.0068  0.0029  1.0000  -14.0970   0.0000   0.2145
  22.300   1.6847   0.07369   0.07040  -0.0072  0.0029  1.0000  -14.1387   0.0000   0.2144
  23.300   1.6731   0.08702   0.08391  -0.0120  0.0029  1.0000  -14.5596   0.0000   0.2143
  23.400   1.6715   0.08845   0.08536  -0.0125  0.0029  1.0000  -14.5966   0.0000   0.2143
  23.700   1.6419   0.09690   0.09394  -0.0165  0.0029  1.0000  -14.4734   0.0000   0.2159
  23.800   1.6438   0.09787   0.09491  -0.0169  0.0029  1.0000  -14.5404   0.0000   0.2158
  23.900   1.6456   0.09883   0.09589  -0.0173  0.0029  1.0000  -14.6069   0.0000   0.2157
  24.000   1.6473   0.09982   0.09688  -0.0177  0.0029  1.0000  -14.6724   0.0000   0.2157
  24.100   1.6488   0.10083   0.09791  -0.0182  0.0029  1.0000  -14.7580   0.0000   0.2156
  24.200   1.6500   0.10189   0.09898  -0.0187  0.0029  1.0000  -14.8463   0.0000   0.2156
  24.300   1.6508   0.10303   0.10013  -0.0192  0.0029  1.0000  -14.9293   0.0000   0.2156
  24.400   1.6510   0.10427   0.10138  -0.0198  0.0029  1.0000  -15.0058   0.0000   0.2156
  24.500   1.6502   0.10568   0.10281  -0.0205  0.0029  1.0000  -15.0714   0.0000   0.2157
  24.600   1.6101   0.11375   0.11101  -0.0250  0.0029  1.0000  -14.6780   0.0000   0.2185
  24.700   1.6113   0.11483   0.11210  -0.0255  0.0029  1.0000  -14.7637   0.0000   0.2185
  24.800   1.6126   0.11589   0.11317  -0.0261  0.0029  1.0000  -14.8506   0.0000   0.2185
  24.900   1.6138   0.11695   0.11423  -0.0266  0.0029  1.0000  -14.9378   0.0000   0.2185
  25.000   1.6151   0.11801   0.11531  -0.0272  0.0029  1.0000  -15.0242   0.0000   0.2185
  25.100   1.6161   0.11909   0.11640  -0.0278  0.0029  1.0000  -15.1088   0.0000   0.2185
  25.200   1.6169   0.12022   0.11754  -0.0284  0.0029  1.0000  -15.1902   0.0000   0.2186
  25.300   1.6177   0.12137   0.11870  -0.0290  0.0029  1.0000  -15.2719   0.0000   0.2186
  25.400   1.6178   0.12263   0.11998  -0.0297  0.0029  1.0000  -15.3450   0.0000   0.2187
  25.500   1.6164   0.12416   0.12152  -0.0306  0.0029  1.0000  -15.3991   0.0000   0.2190
  25.600   1.5670   0.13405   0.13156  -0.0369  0.0029  1.0000  -14.8478   0.0000   0.2232
  25.700   1.5679   0.13515   0.13268  -0.0376  0.0029  1.0000  -14.9272   0.0000   0.2233
  25.800   1.5688   0.13624   0.13378  -0.0383  0.0029  1.0000  -15.0074   0.0000   0.2234
  25.900   1.5700   0.13730   0.13484  -0.0389  0.0029  1.0000  -15.0910   0.0000   0.2234
  26.000   1.5713   0.13835   0.13590  -0.0395  0.0029  1.0000  -15.1753   0.0000   0.2235
  26.100   1.5724   0.13942   0.13699  -0.0402  0.0029  1.0000  -15.2574   0.0000   0.2235
  26.200   1.5732   0.14054   0.13812  -0.0409  0.0029  1.0000  -15.3358   0.0000   0.2236
  26.300   1.5735   0.14175   0.13933  -0.0416  0.0029  1.0000  -15.4081   0.0000   0.2238
  26.400   1.5729   0.14311   0.14071  -0.0425  0.0029  1.0000  -15.4677   0.0000   0.2240
  26.500   1.5689   0.14509   0.14272  -0.0438  0.0029  1.0000  -15.4809   0.0000   0.2245
  26.600   1.5107   0.15697   0.15477  -0.0516  0.0029  1.0000  -14.7495   0.0000   0.2304
  26.700   1.5118   0.15801   0.15582  -0.0523  0.0029  1.0000  -14.8273   0.0000   0.2305
  26.800   1.5129   0.15905   0.15686  -0.0530  0.0029  1.0000  -14.9051   0.0000   0.2306
  26.900   1.5139   0.16008   0.15791  -0.0537  0.0029  1.0000  -14.9823   0.0000   0.2307
  27.000   1.5148   0.16114   0.15897  -0.0544  0.0029  1.0000  -15.0580   0.0000   0.2308
  27.100   1.5155   0.16222   0.16007  -0.0551  0.0029  1.0000  -15.1308   0.0000   0.2309
  27.200   1.5159   0.16336   0.16122  -0.0559  0.0029  1.0000  -15.1988   0.0000   0.2311
  27.300   1.5156   0.16462   0.16248  -0.0567  0.0029  1.0000  -15.2572   0.0000   0.2313
  27.400   1.5133   0.16623   0.16412  -0.0578  0.0029  1.0000  -15.2865   0.0000   0.2317
  27.500   1.4318   0.18280   0.18092  -0.0690  0.0029  1.0000  -14.1202   0.0000   0.2415
  27.600   1.4328   0.18378   0.18190  -0.0697  0.0029  1.0000  -14.1922   0.0000   0.2416
  27.700   1.4339   0.18475   0.18288  -0.0704  0.0029  1.0000  -14.2643   0.0000   0.2418
  27.800   1.4349   0.18572   0.18386  -0.0711  0.0029  1.0000  -14.3360   0.0000   0.2419
  27.900   1.4359   0.18670   0.18485  -0.0719  0.0029  1.0000  -14.4068   0.0000   0.2420
  28.000   1.4367   0.18770   0.18585  -0.0726  0.0029  1.0000  -14.4757   0.0000   0.2421
  28.100   1.4374   0.18873   0.18689  -0.0734  0.0029  1.0000  -14.5414   0.0000   0.2422
  28.200   1.4376   0.18982   0.18799  -0.0742  0.0029  1.0000  -14.6011   0.0000   0.2424
  28.300   1.4370   0.19106   0.18925  -0.0751  0.0029  1.0000  -14.6468   0.0000   0.2427
  28.400   1.3287   0.21283   0.21132  -0.0899  0.0029  1.0000  -12.8766   0.0000   0.2584
  28.500   1.3303   0.21344   0.21194  -0.0905  0.0029  1.0000  -12.9486   0.0000   0.2584
  28.600   1.3318   0.21406   0.21256  -0.0911  0.0029  1.0000  -13.0205   0.0000   0.2585
  28.700   1.3333   0.21467   0.21318  -0.0917  0.0029  1.0000  -13.0920   0.0000   0.2585
  28.800   1.3347   0.21529   0.21380  -0.0924  0.0029  1.0000  -13.1630   0.0000   0.2585
  28.900   1.3361   0.21592   0.21444  -0.0930  0.0029  1.0000  -13.2332   0.0000   0.2585
  29.000   1.3375   0.21657   0.21509  -0.0937  0.0029  1.0000  -13.3022   0.0000   0.2586
  29.100   1.3387   0.21724   0.21577  -0.0943  0.0029  1.0000  -13.3693   0.0000   0.2586
  29.200   1.3398   0.21794   0.21647  -0.0950  0.0029  1.0000  -13.4336   0.0000   0.2587
  29.300   1.3405   0.21869   0.21723  -0.0957  0.0029  1.0000  -13.4930   0.0000   0.2588
  29.400   1.3407   0.21955   0.21810  -0.0965  0.0029  1.0000  -13.5416   0.0000   0.2590
  29.600   1.2946   0.23025   0.22895  -0.1038  0.0029  1.0000  -12.7311   0.0000   0.2672
  29.700   1.2946   0.23124   0.22995  -0.1046  0.0029  1.0000  -12.7721   0.0000   0.2675
  29.800   1.2945   0.23226   0.23097  -0.1055  0.0029  1.0000  -12.8103   0.0000   0.2678
  29.900   1.2941   0.23334   0.23207  -0.1064  0.0029  1.0000  -12.8414   0.0000   0.2681
  30.000   1.2924   0.23469   0.23343  -0.1074  0.0029  1.0000  -12.8462   0.0000   0.2687
  30.300   1.2020   0.25816   0.25719  -0.1209  0.0028  1.0000  -10.9862   0.0000   0.2870
  30.400   1.2039   0.25883   0.25785  -0.1215  0.0028  1.0000  -11.0593   0.0000   0.2869
  30.500   1.2058   0.25949   0.25851  -0.1221  0.0028  1.0000  -11.1322   0.0000   0.2869
  30.600   1.2078   0.26014   0.25916  -0.1228  0.0028  1.0000  -11.2065   0.0000   0.2868
  30.700   1.2099   0.26075   0.25977  -0.1233  0.0028  1.0000  -11.2846   0.0000   0.2867
  30.800   1.2126   0.26122   0.26023  -0.1239  0.0028  1.0000  -11.3770   0.0000   0.2865
