 -16.000  -1.1020   0.03397   0.03213  -0.0891  1.0000  0.0101  -13.2148   0.0000   0.1476
 -15.900  -1.1144   0.03138   0.02946  -0.0915  1.0000  0.0101  -13.3088   0.0000   0.1468
 -15.800  -1.1283   0.03064   0.02869  -0.0892  0.9999  0.0101  -13.3601   0.0000   0.1502
 -15.700  -1.1390   0.02829   0.02620  -0.0897  0.9990  0.0100  -13.4380   0.0000   0.1508
 -15.600  -1.1453   0.02614   0.02391  -0.0901  0.9981  0.0100  -13.4758   0.0000   0.1512
 -15.500  -1.1475   0.02439   0.02202  -0.0903  0.9972  0.0100  -13.4659   0.0000   0.1514
 -15.400  -1.1467   0.02296   0.02048  -0.0904  0.9962  0.0100  -13.4197   0.0000   0.1515
 -15.300  -1.1439   0.02176   0.01917  -0.0904  0.9952  0.0100  -13.3493   0.0000   0.1515
 -15.200  -1.1399   0.02069   0.01799  -0.0904  0.9942  0.0101  -13.2649   0.0000   0.1514
 -15.100  -1.1360   0.01957   0.01676  -0.0904  0.9930  0.0101  -13.1850   0.0000   0.1513
 -15.000  -1.1321   0.01840   0.01544  -0.0903  0.9916  0.0102  -13.1103   0.0000   0.1513
 -14.900  -1.1236   0.01793   0.01493  -0.0904  0.9907  0.0102  -12.9650   0.0000   0.1508
 -14.800  -1.1147   0.01750   0.01446  -0.0905  0.9897  0.0102  -12.8170   0.0000   0.1502
 -14.700  -1.1056   0.01710   0.01402  -0.0906  0.9887  0.0102  -12.6669   0.0000   0.1496
 -14.600  -1.0963   0.01672   0.01360  -0.0907  0.9876  0.0102  -12.5150   0.0000   0.1489
 -14.500  -1.0868   0.01635   0.01320  -0.0909  0.9865  0.0102  -12.3615   0.0000   0.1482
 -14.400  -1.0771   0.01601   0.01283  -0.0910  0.9853  0.0102  -12.2069   0.0000   0.1475
 -14.300  -1.0673   0.01568   0.01247  -0.0912  0.9840  0.0102  -12.0513   0.0000   0.1467
 -14.200  -1.0573   0.01537   0.01212  -0.0914  0.9826  0.0103  -11.8949   0.0000   0.1459
 -14.100  -1.0472   0.01507   0.01180  -0.0916  0.9812  0.0103  -11.7380   0.0000   0.1450
 -14.000  -1.0369   0.01479   0.01148  -0.0918  0.9797  0.0103  -11.5805   0.0000   0.1441
 -13.900  -1.0265   0.01451   0.01118  -0.0920  0.9782  0.0103  -11.4228   0.0000   0.1431
 -13.800  -1.0161   0.01425   0.01089  -0.0922  0.9765  0.0103  -11.2649   0.0000   0.1422
 -13.700  -1.0055   0.01400   0.01062  -0.0924  0.9749  0.0103  -11.1069   0.0000   0.1411
 -13.600  -0.9948   0.01376   0.01035  -0.0926  0.9731  0.0104  -10.9490   0.0000   0.1400
 -13.500  -0.9841   0.01352   0.01009  -0.0929  0.9713  0.0104  -10.7913   0.0000   0.1389
 -13.400  -0.9734   0.01330   0.00984  -0.0931  0.9693  0.0104  -10.6339   0.0000   0.1378
 -13.300  -0.9625   0.01308   0.00960  -0.0933  0.9672  0.0104  -10.4770   0.0000   0.1366
 -13.200  -0.9517   0.01287   0.00937  -0.0936  0.9648  0.0104  -10.3208   0.0000   0.1354
 -13.100  -0.9409   0.01267   0.00915  -0.0938  0.9622  0.0104  -10.1653   0.0000   0.1342
 -13.000  -0.9300   0.01247   0.00893  -0.0940  0.9594  0.0104  -10.0109   0.0000   0.1329
 -12.900  -0.9193   0.01229   0.00872  -0.0942  0.9565  0.0105  -9.8577   0.0000   0.1317
 -12.800  -0.9086   0.01211   0.00853  -0.0943  0.9535  0.0105  -9.7058   0.0000   0.1304
 -12.700  -0.8980   0.01193   0.00834  -0.0945  0.9507  0.0105  -9.5552   0.0000   0.1291
 -12.600  -0.8877   0.01177   0.00815  -0.0945  0.9499  0.0105  -9.4080   0.0000   0.1280
 -12.500  -0.8775   0.01160   0.00797  -0.0945  0.9497  0.0105  -9.2624   0.0000   0.1269
 -12.400  -0.8674   0.01144   0.00780  -0.0945  0.9495  0.0105  -9.1176   0.0000   0.1257
 -12.300  -0.8573   0.01128   0.00763  -0.0945  0.9492  0.0106  -8.9737   0.0000   0.1245
 -12.200  -0.8471   0.01113   0.00746  -0.0945  0.9487  0.0106  -8.8306   0.0000   0.1234
 -12.100  -0.8369   0.01098   0.00730  -0.0945  0.9481  0.0106  -8.6883   0.0000   0.1221
 -12.000  -0.8268   0.01084   0.00714  -0.0945  0.9473  0.0106  -8.5467   0.0000   0.1209
 -11.900  -0.8165   0.01069   0.00698  -0.0945  0.9460  0.0106  -8.4058   0.0000   0.1196
 -11.800  -0.8062   0.01056   0.00683  -0.0945  0.9442  0.0106  -8.2654   0.0000   0.1182
 -11.700  -0.7959   0.01042   0.00667  -0.0945  0.9414  0.0107  -8.1258   0.0000   0.1168
 -11.600  -0.7856   0.01029   0.00652  -0.0945  0.9373  0.0107  -7.9868   0.0000   0.1154
 -11.500  -0.7752   0.01017   0.00637  -0.0945  0.9319  0.0107  -7.8484   0.0000   0.1138
 -11.400  -0.7648   0.01005   0.00622  -0.0945  0.9264  0.0107  -7.7109   0.0000   0.1123
 -11.300  -0.7543   0.00994   0.00608  -0.0945  0.9212  0.0107  -7.5744   0.0000   0.1107
 -11.200  -0.7439   0.00983   0.00595  -0.0945  0.9159  0.0108  -7.4388   0.0000   0.1090
 -11.100  -0.7334   0.00972   0.00582  -0.0945  0.9107  0.0108  -7.3035   0.0000   0.1072
 -11.000  -0.7227   0.00961   0.00569  -0.0946  0.9058  0.0108  -7.1685   0.0000   0.1053
 -10.900  -0.7119   0.00951   0.00556  -0.0947  0.9018  0.0108  -7.0339   0.0000   0.1033
 -10.800  -0.7011   0.00940   0.00545  -0.0948  0.8998  0.0108  -6.8999   0.0000   0.1012
 -10.700  -0.6903   0.00929   0.00533  -0.0949  0.8997  0.0109  -6.7667   0.0000   0.0990
 -10.600  -0.6794   0.00919   0.00523  -0.0950  0.8995  0.0109  -6.6340   0.0000   0.0967
 -10.500  -0.6682   0.00915   0.00517  -0.0951  0.8992  0.0108  -6.4970   0.0000   0.0942
 -10.400  -0.6574   0.00904   0.00506  -0.0952  0.8990  0.0108  -6.3671   0.0000   0.0918
 -10.300  -0.6465   0.00894   0.00495  -0.0953  0.8988  0.0109  -6.2382   0.0000   0.0893
 -10.200  -0.6356   0.00884   0.00484  -0.0954  0.8986  0.0109  -6.1103   0.0000   0.0867
 -10.100  -0.6246   0.00874   0.00474  -0.0955  0.8983  0.0109  -5.9834   0.0000   0.0839
 -10.000  -0.6137   0.00864   0.00463  -0.0956  0.8981  0.0109  -5.8575   0.0000   0.0811
  -9.900  -0.6027   0.00855   0.00453  -0.0957  0.8978  0.0110  -5.7327   0.0000   0.0781
  -9.800  -0.5918   0.00845   0.00443  -0.0958  0.8975  0.0110  -5.6089   0.0000   0.0751
  -9.700  -0.5808   0.00836   0.00433  -0.0959  0.8972  0.0110  -5.4872   0.0000   0.0719
  -9.600  -0.5698   0.00827   0.00423  -0.0960  0.8969  0.0111  -5.4162   0.0000   0.0685
  -9.500  -0.5588   0.00818   0.00414  -0.0961  0.8966  0.0111  -5.3455   0.0000   0.0651
  -9.400  -0.5478   0.00809   0.00404  -0.0962  0.8962  0.0112  -5.2751   0.0000   0.0615
  -9.300  -0.5368   0.00800   0.00394  -0.0963  0.8958  0.0112  -5.2049   0.0000   0.0577
  -9.200  -0.5258   0.00791   0.00385  -0.0964  0.8953  0.0113  -5.1349   0.0000   0.0538
  -9.100  -0.5148   0.00782   0.00375  -0.0965  0.8946  0.0113  -5.0651   0.0000   0.0497
  -9.000  -0.5038   0.00773   0.00365  -0.0966  0.8939  0.0114  -4.9955   0.0000   0.0454
  -8.900  -0.4929   0.00764   0.00355  -0.0967  0.8929  0.0115  -4.9260   0.0000   0.0410
  -8.800  -0.4819   0.00755   0.00344  -0.0968  0.8915  0.0116  -4.8565   0.0000   0.0364
  -8.700  -0.4711   0.00745   0.00332  -0.0968  0.8895  0.0118  -4.7866   0.0000   0.0316
  -8.600  -0.4606   0.00727   0.00312  -0.0968  0.8861  0.0125  -4.7120   0.0000   0.0270
  -8.500  -0.4518   0.00703   0.00291  -0.0966  0.8722  0.0225  -4.6090   0.0000   0.0234
  -8.400  -0.4413   0.00701   0.00287  -0.0966  0.8614  0.0227  -4.5412   0.0000   0.0184
  -8.300  -0.4307   0.00699   0.00282  -0.0966  0.8519  0.0229  -4.4733   0.0000   0.0130
  -8.200  -0.4198   0.00697   0.00279  -0.0966  0.8439  0.0231  -4.4051   0.0000   0.0070
  -8.100  -0.4089   0.00694   0.00275  -0.0967  0.8362  0.0232  -4.3369   0.0000   0.0007
  -8.000  -0.3979   0.00691   0.00272  -0.0968  0.8281  0.0234  -4.2688   0.0000  -0.0062
  -7.900  -0.3868   0.00689   0.00269  -0.0969  0.8202  0.0235  -4.2006   0.0000  -0.0135
  -7.800  -0.3756   0.00686   0.00266  -0.0970  0.8121  0.0236  -4.1325   0.0000  -0.0213
  -7.700  -0.3644   0.00684   0.00264  -0.0971  0.8048  0.0237  -4.0644   0.0000  -0.0297
  -7.600  -0.3531   0.00681   0.00261  -0.0973  0.7999  0.0238  -3.9962   0.0000  -0.0387
  -7.500  -0.3418   0.00679   0.00259  -0.0974  0.7993  0.0239  -3.9279   0.0000  -0.0484
  -7.400  -0.3305   0.00677   0.00258  -0.0976  0.7987  0.0239  -3.8596   0.0000  -0.0588
  -7.300  -0.3191   0.00675   0.00258  -0.0977  0.7981  0.0240  -3.7911   0.0000  -0.0699
  -7.200  -0.3078   0.00674   0.00258  -0.0979  0.7974  0.0241  -3.7223   0.0000  -0.0819
  -7.100  -0.2964   0.00674   0.00260  -0.0981  0.7966  0.0241  -3.6529   0.0000  -0.0949
  -7.000  -0.2850   0.00675   0.00262  -0.0982  0.7956  0.0242  -3.5824   0.0000  -0.1090
  -6.900  -0.2735   0.00677   0.00267  -0.0984  0.7945  0.0243  -3.5102   0.0000  -0.1243
  -6.800  -0.2621   0.00684   0.00276  -0.0986  0.7922  0.0243  -3.4350   0.0000  -0.1410
  -6.700  -0.2516   0.00703   0.00292  -0.0986  0.7753  0.0244  -3.3563   0.0000  -0.1567
  -6.600  -0.2416   0.00753   0.00336  -0.0984  0.7370  0.0245  -3.2578   0.0000  -0.1727
  -3.600   0.0770   0.00691   0.00129  -0.0981  0.3961  0.0249  -1.8073   0.0000   1.5466
  -3.500   0.0881   0.00687   0.00123  -0.0982  0.3948  0.0249  -1.7682   0.0000   1.3825
  -3.400   0.0993   0.00685   0.00118  -0.0983  0.3933  0.0249  -1.7262   0.0000   1.2555
  -3.200   0.1218   0.00679   0.00111  -0.0985  0.3926  0.0249  -1.6389   0.0000   1.0702
  -2.900   0.1391   0.00839   0.00156  -0.0959  0.0503  0.0250  -1.5428   0.0000   0.9485
  -2.800   0.1502   0.00838   0.00155  -0.0959  0.0495  0.0250  -1.4991   0.0000   0.8971
  -2.700   0.1613   0.00838   0.00153  -0.0960  0.0489  0.0250  -1.4556   0.0000   0.8527
  -2.600   0.1724   0.00838   0.00153  -0.0961  0.0483  0.0250  -1.4123   0.0000   0.8141
  -2.500   0.1835   0.00838   0.00152  -0.0961  0.0478  0.0251  -1.3692   0.0000   0.7801
  -2.400   0.1946   0.00839   0.00151  -0.0962  0.0472  0.0251  -1.3263   0.0000   0.7500
  -2.300   0.2056   0.00839   0.00151  -0.0963  0.0467  0.0251  -1.2838   0.0000   0.7231
  -2.200   0.2167   0.00840   0.00150  -0.0964  0.0462  0.0251  -1.2415   0.0000   0.6990
  -2.100   0.2278   0.00840   0.00150  -0.0964  0.0457  0.0252  -1.1996   0.0000   0.6773
  -2.000   0.2389   0.00841   0.00150  -0.0965  0.0452  0.0252  -1.1580   0.0000   0.6575
  -1.900   0.2500   0.00841   0.00150  -0.0966  0.0447  0.0252  -1.1168   0.0000   0.6395
  -1.800   0.2611   0.00842   0.00150  -0.0967  0.0442  0.0252  -1.0758   0.0000   0.6231
  -1.700   0.2721   0.00843   0.00150  -0.0967  0.0438  0.0252  -1.0353   0.0000   0.6080
  -1.600   0.2832   0.00844   0.00150  -0.0968  0.0434  0.0253  -0.9950   0.0000   0.5940
  -1.500   0.2943   0.00845   0.00151  -0.0969  0.0429  0.0253  -0.9552   0.0000   0.5812
  -1.400   0.3053   0.00846   0.00151  -0.0970  0.0425  0.0253  -0.9157   0.0000   0.5692
  -1.300   0.3164   0.00847   0.00153  -0.0970  0.0421  0.0265  -0.8778   0.0000   0.5581
  -1.200   0.3275   0.00848   0.00154  -0.0971  0.0417  0.0272  -0.8393   0.0000   0.5477
  -1.100   0.3386   0.00849   0.00155  -0.0972  0.0413  0.0277  -0.8010   0.0000   0.5380
  -1.000   0.3496   0.00851   0.00156  -0.0972  0.0409  0.0281  -0.7630   0.0000   0.5289
  -0.900   0.3607   0.00852   0.00157  -0.0973  0.0406  0.0285  -0.7253   0.0000   0.5204
  -0.800   0.3717   0.00853   0.00158  -0.0974  0.0402  0.0289  -0.6914   0.0000   0.5124
  -0.700   0.3828   0.00855   0.00159  -0.0974  0.0399  0.0292  -0.6993   0.0000   0.5048
  -0.600   0.3938   0.00856   0.00160  -0.0975  0.0395  0.0295  -0.7071   0.0000   0.4977
  -0.500   0.4049   0.00858   0.00161  -0.0976  0.0392  0.0298  -0.7149   0.0000   0.4910
  -0.400   0.4159   0.00859   0.00163  -0.0977  0.0388  0.0301  -0.7228   0.0000   0.4846
  -0.300   0.4270   0.00861   0.00164  -0.0977  0.0385  0.0303  -0.7306   0.0000   0.4785
  -0.200   0.4380   0.00862   0.00165  -0.0978  0.0382  0.0306  -0.7394   0.0000   0.4728
  -0.100   0.4490   0.00864   0.00167  -0.0979  0.0379  0.0308  -0.7485   0.0000   0.4673
   0.000   0.4601   0.00866   0.00168  -0.0979  0.0376  0.0311  -0.7575   0.0000   0.4621
   0.100   0.4711   0.00867   0.00170  -0.0980  0.0373  0.0313  -0.7666   0.0000   0.4571
   0.200   0.4821   0.00869   0.00171  -0.0981  0.0370  0.0315  -0.7757   0.0000   0.4524
   0.300   0.4931   0.00871   0.00173  -0.0981  0.0367  0.0318  -0.7848   0.0000   0.4478
   0.400   0.5042   0.00873   0.00175  -0.0982  0.0364  0.0320  -0.7939   0.0000   0.4435
   0.500   0.5152   0.00875   0.00177  -0.0982  0.0361  0.0323  -0.8030   0.0000   0.4393
   0.600   0.5262   0.00877   0.00178  -0.0983  0.0358  0.0326  -0.8122   0.0000   0.4353
   0.700   0.5372   0.00879   0.00180  -0.0984  0.0355  0.0331  -0.8213   0.0000   0.4315
   0.800   0.5482   0.00881   0.00183  -0.0984  0.0352  0.0340  -0.8305   0.0000   0.4278
   0.900   0.5592   0.00882   0.00186  -0.0985  0.0381  0.0373  -0.8397   0.0000   0.4243
   1.000   0.5702   0.00884   0.00187  -0.0986  0.0385  0.0378  -0.8488   0.0000   0.4209
   1.100   0.5812   0.00886   0.00189  -0.0986  0.0387  0.0384  -0.8580   0.0000   0.4176
   1.200   0.5922   0.00888   0.00191  -0.0987  0.0389  0.0389  -0.8672   0.0000   0.4145
   1.300   0.6032   0.00890   0.00193  -0.0987  0.0390  0.0394  -0.8764   0.0000   0.4114
   1.400   0.6142   0.00892   0.00195  -0.0988  0.0391  0.0400  -0.8865   0.0000   0.4085
   1.500   0.6252   0.00894   0.00197  -0.0988  0.0391  0.0406  -0.8972   0.0000   0.4056
   1.600   0.6361   0.00897   0.00200  -0.0989  0.0392  0.0412  -0.9080   0.0000   0.4029
   1.700   0.6471   0.00899   0.00202  -0.0990  0.0392  0.0418  -0.9187   0.0000   0.4002
   1.800   0.6580   0.00901   0.00204  -0.0990  0.0392  0.0424  -0.9295   0.0000   0.3977
   1.900   0.6690   0.00904   0.00206  -0.0991  0.0392  0.0430  -0.9402   0.0000   0.3952
   2.000   0.6799   0.00906   0.00209  -0.0991  0.0392  0.0437  -0.9510   0.0000   0.3928
   2.100   0.6909   0.00909   0.00211  -0.0992  0.0392  0.0444  -0.9618   0.0000   0.3904
   2.200   0.7018   0.00911   0.00214  -0.0992  0.0391  0.0451  -0.9743   0.0000   0.3881
   2.300   0.7127   0.00914   0.00217  -0.0993  0.0390  0.0458  -0.9872   0.0000   0.3859
   2.400   0.7236   0.00917   0.00220  -0.0993  0.0389  0.0465  -1.0001   0.0000   0.3838
   2.500   0.7345   0.00919   0.00222  -0.0993  0.0388  0.0472  -1.0130   0.0000   0.3817
   2.600   0.7454   0.00922   0.00225  -0.0994  0.0387  0.0480  -1.0422   0.0000   0.3797
   2.700   0.7563   0.00925   0.00228  -0.0994  0.0385  0.0488  -1.0787   0.0000   0.3777
   2.800   0.7672   0.00928   0.00231  -0.0995  0.0383  0.0497  -1.1155   0.0000   0.3758
   2.900   0.7781   0.00931   0.00235  -0.0995  0.0381  0.0537  -1.1526   0.0000   0.3739
   3.000   0.7889   0.00930   0.00237  -0.0995  0.0379  0.0723  -1.1897   0.0000   0.3721
   3.100   0.7997   0.00934   0.00240  -0.0996  0.0377  0.0725  -1.2273   0.0000   0.3703
   3.200   0.8106   0.00937   0.00243  -0.0996  0.0374  0.0730  -1.2653   0.0000   0.3686
   3.300   0.8214   0.00941   0.00246  -0.0996  0.0372  0.0738  -1.3035   0.0000   0.3669
   3.400   0.8323   0.00944   0.00250  -0.0997  0.0369  0.0747  -1.3421   0.0000   0.3653
   3.500   0.8431   0.00947   0.00253  -0.0997  0.0365  0.0762  -1.3809   0.0000   0.3637
   3.600   0.8539   0.00951   0.00257  -0.0997  0.0362  0.0810  -1.4200   0.0000   0.3621
   3.700   0.8647   0.00954   0.00261  -0.0997  0.0358  0.0856  -1.4593   0.0000   0.3605
   3.800   0.8755   0.00956   0.00264  -0.0998  0.0354  0.0902  -1.4989   0.0000   0.3590
   3.900   0.8862   0.00959   0.00267  -0.0998  0.0350  0.0948  -1.5388   0.0000   0.3576
   4.000   0.8970   0.00962   0.00271  -0.0998  0.0345  0.0995  -1.5789   0.0000   0.3561
   4.100   0.9077   0.00958   0.00276  -0.0999  0.0340  0.1475  -1.6190   0.0000   0.3548
   4.200   0.9185   0.00962   0.00280  -0.0999  0.0334  0.1481  -1.6597   0.0000   0.3534
   4.300   0.9292   0.00967   0.00284  -0.0999  0.0328  0.1485  -1.7008   0.0000   0.3520
   4.400   0.9400   0.00971   0.00288  -0.0999  0.0320  0.1513  -1.7420   0.0000   0.3507
   4.500   0.9507   0.00975   0.00293  -0.0999  0.0312  0.1653  -1.7835   0.0000   0.3494
   4.600   0.9614   0.00977   0.00297  -0.0999  0.0303  0.1801  -1.8251   0.0000   0.3481
   4.700   0.9721   0.00978   0.00302  -0.1000  0.0293  0.1942  -1.8668   0.0000   0.3469
   4.900   0.9935   0.00980   0.00312  -0.1000  0.0251  0.2455  -1.9465   0.0000   0.3445
   5.000   1.0041   0.00984   0.00317  -0.1000  0.0251  0.2476  -1.9892   0.0000   0.3433
   5.100   1.0148   0.00989   0.00322  -0.1000  0.0251  0.2500  -2.0321   0.0000   0.3421
   5.200   1.0254   0.00993   0.00327  -0.1000  0.0251  0.2646  -2.0751   0.0000   0.3410
   5.300   1.0361   0.00992   0.00333  -0.1000  0.0251  0.2845  -2.1183   0.0000   0.3399
   5.400   1.0467   0.00991   0.00339  -0.1000  0.0251  0.3327  -2.1616   0.0000   0.3388
   5.500   1.0572   0.00984   0.00346  -0.1001  0.0250  0.3984  -2.2049   0.0000   0.3378
   5.600   1.0677   0.00985   0.00353  -0.1001  0.0250  0.4487  -2.2488   0.0000   0.3367
   5.700   1.0780   0.00962   0.00364  -0.1002  0.0250  0.5972  -2.2918   0.0000   0.3358
   5.800   1.0878   0.00943   0.00374  -0.1002  0.0250  0.7450  -2.3361   0.0000   0.3348
   5.900   1.0971   0.00906   0.00386  -0.0998  0.0250  1.0000  -2.3815   0.0000   0.3336
   6.200   1.1286   0.00925   0.00403  -0.0998  0.0249  1.0000  -2.5222   0.0000   0.3306
   6.300   1.1391   0.00931   0.00409  -0.0997  0.0249  1.0000  -2.5688   0.0000   0.3296
   6.400   1.1496   0.00938   0.00415  -0.0997  0.0249  1.0000  -2.6156   0.0000   0.3287
   6.500   1.1601   0.00944   0.00421  -0.0997  0.0248  1.0000  -2.6627   0.0000   0.3277
   6.600   1.1705   0.00951   0.00427  -0.0996  0.0248  1.0000  -2.7101   0.0000   0.3268
   6.700   1.1809   0.00958   0.00433  -0.0996  0.0248  1.0000  -2.7578   0.0000   0.3259
   6.800   1.1913   0.00965   0.00439  -0.0995  0.0248  1.0000  -2.8058   0.0000   0.3250
   6.900   1.2017   0.00971   0.00446  -0.0995  0.0247  1.0000  -2.8540   0.0000   0.3241
   7.000   1.2121   0.00978   0.00452  -0.0994  0.0247  1.0000  -2.9026   0.0000   0.3232
   7.100   1.2224   0.00986   0.00458  -0.0994  0.0247  1.0000  -2.9514   0.0000   0.3223
   7.200   1.2328   0.00993   0.00465  -0.0993  0.0246  1.0000  -3.0004   0.0000   0.3214
   7.300   1.2431   0.01000   0.00472  -0.0993  0.0246  1.0000  -3.0498   0.0000   0.3206
   7.400   1.2533   0.01007   0.00479  -0.0992  0.0245  1.0000  -3.0994   0.0000   0.3197
   7.500   1.2636   0.01015   0.00485  -0.0991  0.0245  1.0000  -3.1492   0.0000   0.3189
   7.600   1.2738   0.01022   0.00492  -0.0991  0.0245  1.0000  -3.1993   0.0000   0.3180
   7.700   1.2840   0.01030   0.00499  -0.0990  0.0244  1.0000  -3.2497   0.0000   0.3172
   7.800   1.2942   0.01037   0.00507  -0.0989  0.0243  1.0000  -3.3004   0.0000   0.3164
   7.900   1.3044   0.01045   0.00514  -0.0988  0.0243  1.0000  -3.3512   0.0000   0.3156
   8.000   1.3145   0.01053   0.00521  -0.0987  0.0242  1.0000  -3.4023   0.0000   0.3148
   8.100   1.3245   0.01061   0.00529  -0.0986  0.0241  1.0000  -3.4537   0.0000   0.3140
   8.200   1.3346   0.01069   0.00537  -0.0985  0.0240  1.0000  -3.5052   0.0000   0.3132
   8.300   1.3446   0.01078   0.00545  -0.0984  0.0239  1.0000  -3.5570   0.0000   0.3124
   8.500   1.3561   0.01161   0.00630  -0.0966  0.0110  1.0000  -3.6757   0.0000   0.3102
   8.600   1.3653   0.01174   0.00644  -0.0964  0.0108  1.0000  -3.7299   0.0000   0.3094
   8.700   1.3746   0.01187   0.00657  -0.0961  0.0106  1.0000  -3.7835   0.0000   0.3085
   8.800   1.3839   0.01199   0.00670  -0.0959  0.0104  1.0000  -3.8368   0.0000   0.3077
   8.900   1.3932   0.01212   0.00683  -0.0956  0.0103  1.0000  -3.8899   0.0000   0.3069
   9.000   1.4025   0.01224   0.00695  -0.0954  0.0102  1.0000  -3.9429   0.0000   0.3062
   9.100   1.4117   0.01236   0.00707  -0.0951  0.0102  1.0000  -3.9959   0.0000   0.3054
   9.200   1.4209   0.01248   0.00720  -0.0949  0.0101  1.0000  -4.0489   0.0000   0.3046
   9.300   1.4301   0.01260   0.00732  -0.0946  0.0100  1.0000  -4.1019   0.0000   0.3038
   9.400   1.4391   0.01272   0.00744  -0.0943  0.0100  1.0000  -4.1549   0.0000   0.3030
   9.500   1.4482   0.01285   0.00757  -0.0941  0.0099  1.0000  -4.2079   0.0000   0.3023
   9.600   1.4571   0.01297   0.00770  -0.0938  0.0099  1.0000  -4.2609   0.0000   0.3015
   9.700   1.4660   0.01310   0.00783  -0.0935  0.0098  1.0000  -4.3139   0.0000   0.3007
   9.800   1.4748   0.01323   0.00796  -0.0931  0.0098  1.0000  -4.3669   0.0000   0.3000
   9.900   1.4836   0.01336   0.00809  -0.0928  0.0098  1.0000  -4.4199   0.0000   0.2992
  10.000   1.4922   0.01349   0.00822  -0.0925  0.0097  1.0000  -4.4729   0.0000   0.2985
  10.100   1.5008   0.01362   0.00836  -0.0921  0.0097  1.0000  -4.5258   0.0000   0.2977
  10.200   1.5093   0.01376   0.00849  -0.0917  0.0097  1.0000  -4.5786   0.0000   0.2969
  10.300   1.5172   0.01390   0.00863  -0.0913  0.0096  1.0000  -4.6304   0.0000   0.2961
  10.400   1.5246   0.01404   0.00878  -0.0907  0.0096  1.0000  -4.6807   0.0000   0.2953
  10.500   1.5317   0.01418   0.00893  -0.0900  0.0096  1.0000  -4.7303   0.0000   0.2944
  10.600   1.5387   0.01433   0.00908  -0.0893  0.0096  1.0000  -4.7799   0.0000   0.2935
  10.700   1.5458   0.01448   0.00924  -0.0887  0.0095  1.0000  -4.8299   0.0000   0.2927
  10.800   1.5530   0.01464   0.00940  -0.0881  0.0095  1.0000  -4.8803   0.0000   0.2918
  10.900   1.5602   0.01479   0.00956  -0.0875  0.0095  1.0000  -4.9310   0.0000   0.2910
  11.000   1.5719   0.01471   0.00945  -0.0877  0.0099  1.0000  -4.9780   0.0000   0.2906
  11.100   1.5794   0.01485   0.00959  -0.0872  0.0099  1.0000  -5.0290   0.0000   0.2898
  11.200   1.5867   0.01501   0.00975  -0.0866  0.0099  1.0000  -5.0803   0.0000   0.2890
  11.300   1.5940   0.01517   0.00992  -0.0861  0.0098  1.0000  -5.1317   0.0000   0.2882
  11.400   1.6011   0.01533   0.01009  -0.0855  0.0098  1.0000  -5.1832   0.0000   0.2874
  11.500   1.6082   0.01550   0.01027  -0.0849  0.0098  1.0000  -5.2345   0.0000   0.2867
  11.600   1.6151   0.01568   0.01045  -0.0843  0.0098  1.0000  -5.3191   0.0000   0.2859
  11.700   1.6218   0.01586   0.01064  -0.0836  0.0097  1.0000  -5.4180   0.0000   0.2851
  11.800   1.6277   0.01604   0.01083  -0.0829  0.0097  1.0000  -5.5132   0.0000   0.2842
  11.900   1.6330   0.01623   0.01102  -0.0820  0.0097  1.0000  -5.6062   0.0000   0.2833
  12.000   1.6384   0.01642   0.01123  -0.0811  0.0097  1.0000  -5.6995   0.0000   0.2825
  12.100   1.6429   0.01664   0.01146  -0.0801  0.0097  1.0000  -5.7888   0.0000   0.2815
  12.200   1.6448   0.01693   0.01177  -0.0787  0.0096  1.0000  -5.8641   0.0000   0.2805
  12.300   1.6487   0.01721   0.01205  -0.0777  0.0096  1.0000  -5.9507   0.0000   0.2795
  12.400   1.6535   0.01747   0.01233  -0.0768  0.0096  1.0000  -6.0433   0.0000   0.2787
  12.500   1.6587   0.01773   0.01260  -0.0761  0.0096  1.0000  -6.1385   0.0000   0.2779
  12.600   1.6641   0.01799   0.01287  -0.0753  0.0095  1.0000  -6.2351   0.0000   0.2771
  12.700   1.6694   0.01826   0.01316  -0.0746  0.0095  1.0000  -6.3324   0.0000   0.2763
  12.800   1.6747   0.01854   0.01345  -0.0738  0.0095  1.0000  -6.4299   0.0000   0.2755
  12.900   1.6799   0.01883   0.01375  -0.0731  0.0095  1.0000  -6.5272   0.0000   0.2748
  13.000   1.6849   0.01913   0.01406  -0.0723  0.0095  1.0000  -6.6240   0.0000   0.2740
  13.100   1.6896   0.01945   0.01440  -0.0716  0.0094  1.0000  -6.7198   0.0000   0.2732
  13.200   1.6819   0.02033   0.01531  -0.0693  0.0094  1.0000  -6.7399   0.0000   0.2718
  13.300   1.6861   0.02070   0.01570  -0.0686  0.0094  1.0000  -6.8329   0.0000   0.2711
  13.400   1.6911   0.02104   0.01605  -0.0679  0.0094  1.0000  -6.9314   0.0000   0.2704
  13.500   1.6964   0.02137   0.01639  -0.0673  0.0094  1.0000  -7.0326   0.0000   0.2697
  13.600   1.7020   0.02168   0.01672  -0.0667  0.0094  1.0000  -7.1353   0.0000   0.2690
  13.700   1.7075   0.02200   0.01705  -0.0661  0.0093  1.0000  -7.2390   0.0000   0.2683
  13.800   1.7131   0.02232   0.01738  -0.0655  0.0093  1.0000  -7.3433   0.0000   0.2676
  13.900   1.7187   0.02264   0.01771  -0.0649  0.0093  1.0000  -7.4480   0.0000   0.2670
  14.000   1.7241   0.02297   0.01805  -0.0644  0.0093  1.0000  -7.5528   0.0000   0.2663
  14.100   1.7295   0.02330   0.01840  -0.0638  0.0093  1.0000  -7.6576   0.0000   0.2657
  14.200   1.7348   0.02364   0.01875  -0.0632  0.0092  1.0000  -7.7622   0.0000   0.2650
  14.300   1.7399   0.02399   0.01912  -0.0626  0.0092  1.0000  -7.8663   0.0000   0.2643
  14.400   1.7449   0.02436   0.01950  -0.0620  0.0092  1.0000  -7.9698   0.0000   0.2637
  14.500   1.7493   0.02472   0.01988  -0.0614  0.0092  1.0000  -8.0705   0.0000   0.2630
  14.600   1.7532   0.02510   0.02027  -0.0606  0.0092  1.0000  -8.1678   0.0000   0.2623
  14.700   1.7568   0.02550   0.02069  -0.0599  0.0091  1.0000  -8.2635   0.0000   0.2616
  14.800   1.7601   0.02592   0.02113  -0.0591  0.0091  1.0000  -8.3581   0.0000   0.2609
  14.900   1.7632   0.02639   0.02162  -0.0584  0.0091  1.0000  -8.4509   0.0000   0.2602
  15.000   1.7657   0.02691   0.02216  -0.0577  0.0091  1.0000  -8.5408   0.0000   0.2595
  15.100   1.7676   0.02750   0.02277  -0.0569  0.0091  1.0000  -8.6262   0.0000   0.2588
  15.200   1.7513   0.02959   0.02493  -0.0552  0.0091  1.0000  -8.5822   0.0000   0.2579
  15.300   1.7538   0.03021   0.02557  -0.0546  0.0091  1.0000  -8.6715   0.0000   0.2573
  15.400   1.7568   0.03079   0.02617  -0.0541  0.0091  1.0000  -8.7648   0.0000   0.2567
  15.500   1.7601   0.03136   0.02675  -0.0535  0.0090  1.0000  -8.8602   0.0000   0.2561
  15.600   1.7635   0.03193   0.02735  -0.0530  0.0090  1.0000  -8.9565   0.0000   0.2555
  15.700   1.7668   0.03251   0.02795  -0.0525  0.0090  1.0000  -9.0530   0.0000   0.2549
  15.800   1.7701   0.03311   0.02856  -0.0520  0.0090  1.0000  -9.1491   0.0000   0.2543
  15.900   1.7731   0.03373   0.02920  -0.0515  0.0090  1.0000  -9.2440   0.0000   0.2538
  16.000   1.7759   0.03438   0.02987  -0.0509  0.0090  1.0000  -9.3373   0.0000   0.2532
  16.100   1.7783   0.03506   0.03058  -0.0504  0.0090  1.0000  -9.4282   0.0000   0.2526
  16.200   1.7803   0.03580   0.03134  -0.0499  0.0089  1.0000  -9.5159   0.0000   0.2521
  16.300   1.7817   0.03661   0.03218  -0.0494  0.0089  1.0000  -9.5995   0.0000   0.2515
  16.400   1.7822   0.03754   0.03314  -0.0490  0.0089  1.0000  -9.6756   0.0000   0.2510
  16.500   1.7593   0.04130   0.03698  -0.0487  0.0089  1.0000  -9.5705   0.0000   0.2509
  16.600   1.7603   0.04222   0.03793  -0.0484  0.0089  1.0000  -9.6505   0.0000   0.2504
  16.700   1.7619   0.04307   0.03880  -0.0480  0.0089  1.0000  -9.7346   0.0000   0.2500
  16.800   1.7636   0.04389   0.03965  -0.0476  0.0089  1.0000  -9.8202   0.0000   0.2495
  16.900   1.7654   0.04471   0.04049  -0.0472  0.0089  1.0000  -9.9062   0.0000   0.2490
  17.000   1.7671   0.04553   0.04133  -0.0468  0.0089  1.0000  -9.9920   0.0000   0.2485
  17.100   1.7686   0.04637   0.04220  -0.0464  0.0088  1.0000  -10.0768   0.0000   0.2480
  17.300   1.7566   0.04962   0.04560  -0.0451  0.0087  1.0000  -10.0997   0.0000   0.2469
  17.400   1.7520   0.05114   0.04718  -0.0447  0.0087  1.0000  -10.1281   0.0000   0.2465
  17.500   1.7463   0.05286   0.04895  -0.0444  0.0087  1.0000  -10.1487   0.0000   0.2462
  17.600   1.7235   0.05764   0.05379  -0.0460  0.0087  1.0000  -10.0407   0.0000   0.2471
  17.700   1.7183   0.05927   0.05548  -0.0457  0.0087  1.0000  -10.0603   0.0000   0.2467
  17.800   1.7143   0.06066   0.05691  -0.0453  0.0087  1.0000  -10.0923   0.0000   0.2463
  17.900   1.7107   0.06193   0.05822  -0.0449  0.0087  1.0000  -10.1273   0.0000   0.2459
  18.000   1.7073   0.06320   0.05954  -0.0445  0.0087  1.0000  -10.1642   0.0000   0.2454
  18.100   1.7040   0.06454   0.06092  -0.0442  0.0086  1.0000  -10.2007   0.0000   0.2450
  18.200   1.7003   0.06596   0.06238  -0.0439  0.0086  1.0000  -10.2342   0.0000   0.2447
  18.300   1.6960   0.06751   0.06398  -0.0437  0.0086  1.0000  -10.2616   0.0000   0.2444
  18.400   1.6905   0.06929   0.06582  -0.0437  0.0086  1.0000  -10.2789   0.0000   0.2442
  18.500   1.6824   0.07167   0.06826  -0.0440  0.0086  1.0000  -10.2726   0.0000   0.2442
  19.400   1.6070   0.09347   0.09055  -0.0477  0.0087  1.0000  -10.1438   0.0000   0.2452
  19.500   1.5992   0.09573   0.09288  -0.0480  0.0087  1.0000  -10.1218   0.0000   0.2452
  19.600   1.5896   0.09838   0.09560  -0.0485  0.0088  1.0000  -10.0820   0.0000   0.2455
  19.700   1.5760   0.10201   0.09930  -0.0500  0.0088  1.0000  -10.0171   0.0000   0.2464
