 -24.000  -1.0152   0.15756   0.15650  -0.0067  1.0000  0.0048  -16.3963   0.0000   0.2045
 -23.900  -1.0066   0.15782   0.15678  -0.0066  1.0000  0.0048  -16.1451   0.0000   0.2049
 -23.800  -1.0031   0.15700   0.15596  -0.0073  1.0000  0.0048  -16.0267   0.0000   0.2045
 -23.700  -0.9998   0.15614   0.15510  -0.0080  1.0000  0.0048  -15.9145   0.0000   0.2041
 -23.600  -0.9962   0.15534   0.15430  -0.0086  1.0000  0.0049  -15.7947   0.0000   0.2037
 -23.500  -0.9920   0.15465   0.15361  -0.0092  1.0000  0.0049  -15.6609   0.0000   0.2034
 -23.400  -0.9870   0.15414   0.15311  -0.0096  1.0000  0.0049  -15.5070   0.0000   0.2032
 -23.300  -0.9810   0.15386   0.15283  -0.0099  1.0000  0.0049  -15.3267   0.0000   0.2031
 -23.200  -0.9734   0.15389   0.15287  -0.0100  1.0000  0.0049  -15.1096   0.0000   0.2032
 -23.100  -0.9632   0.15452   0.15351  -0.0097  1.0000  0.0049  -14.8245   0.0000   0.2038
 -23.000  -1.3182   0.08647   0.08462  -0.0553  1.0000  0.0048  -22.6478   0.0000   0.1715
 -22.900  -1.3232   0.08443   0.08255  -0.0565  1.0000  0.0048  -22.6666   0.0000   0.1710
 -22.800  -1.3576   0.07772   0.07574  -0.0609  1.0000  0.0048  -23.2493   0.0000   0.1692
 -22.700  -1.3611   0.07601   0.07401  -0.0619  1.0000  0.0048  -23.2298   0.0000   0.1689
 -22.600  -1.3644   0.07434   0.07232  -0.0629  1.0000  0.0048  -23.2053   0.0000   0.1686
 -22.500  -1.3700   0.07232   0.07027  -0.0640  1.0000  0.0048  -23.2238   0.0000   0.1683
 -22.400  -1.3954   0.06746   0.06533  -0.0670  1.0000  0.0048  -23.6013   0.0000   0.1674
 -22.300  -1.3977   0.06603   0.06388  -0.0677  1.0000  0.0048  -23.5523   0.0000   0.1672
 -22.200  -1.3997   0.06466   0.06249  -0.0684  1.0000  0.0049  -23.4967   0.0000   0.1671
 -22.100  -1.4022   0.06322   0.06102  -0.0691  1.0000  0.0049  -23.4505   0.0000   0.1670
 -22.000  -1.4253   0.05912   0.05685  -0.0714  1.0000  0.0049  -23.7620   0.0000   0.1665
 -21.900  -1.4274   0.05786   0.05557  -0.0720  1.0000  0.0049  -23.7036   0.0000   0.1665
 -21.800  -1.4288   0.05669   0.05439  -0.0725  1.0000  0.0049  -23.6317   0.0000   0.1665
 -21.700  -1.4299   0.05554   0.05321  -0.0729  1.0000  0.0049  -23.5550   0.0000   0.1665
 -21.600  -1.4316   0.05432   0.05197  -0.0734  1.0000  0.0049  -23.4870   0.0000   0.1665
 -21.500  -1.4509   0.05104   0.04864  -0.0749  1.0000  0.0049  -23.7118   0.0000   0.1665
 -21.400  -1.4523   0.04991   0.04749  -0.0752  1.0000  0.0049  -23.6364   0.0000   0.1666
 -21.300  -1.4531   0.04887   0.04643  -0.0755  1.0000  0.0049  -23.5490   0.0000   0.1667
 -21.200  -1.4537   0.04787   0.04541  -0.0758  1.0000  0.0049  -23.4591   0.0000   0.1668
 -21.100  -1.4546   0.04686   0.04438  -0.0760  1.0000  0.0049  -23.3720   0.0000   0.1670
 -21.000  -1.4567   0.04570   0.04320  -0.0762  1.0000  0.0049  -23.3058   0.0000   0.1671
 -20.900  -1.4715   0.04324   0.04069  -0.0770  1.0000  0.0049  -23.4396   0.0000   0.1675
 -20.800  -1.4722   0.04231   0.03974  -0.0771  1.0000  0.0049  -23.3462   0.0000   0.1677
 -20.700  -1.4724   0.04144   0.03885  -0.0772  1.0000  0.0049  -23.2452   0.0000   0.1679
 -20.600  -1.4724   0.04059   0.03798  -0.0772  1.0000  0.0049  -23.1414   0.0000   0.1681
 -20.500  -1.4726   0.03972   0.03710  -0.0773  1.0000  0.0049  -23.0407   0.0000   0.1684
 -20.400  -1.4744   0.03871   0.03607  -0.0773  1.0000  0.0049  -22.9630   0.0000   0.1687
 -20.300  -1.4864   0.03682   0.03414  -0.0775  1.0000  0.0049  -23.0405   0.0000   0.1692
 -20.200  -1.4863   0.03605   0.03335  -0.0775  1.0000  0.0049  -22.9327   0.0000   0.1696
 -20.100  -1.4859   0.03532   0.03260  -0.0773  1.0000  0.0049  -22.8196   0.0000   0.1699
 -20.000  -1.4855   0.03461   0.03187  -0.0772  1.0000  0.0049  -22.7067   0.0000   0.1702
 -19.900  -1.4853   0.03388   0.03112  -0.0770  1.0000  0.0049  -22.5979   0.0000   0.1705
 -19.800  -1.4869   0.03303   0.03026  -0.0769  1.0000  0.0049  -22.5131   0.0000   0.1710
 -19.700  -1.4965   0.03163   0.02882  -0.0767  1.0000  0.0049  -22.5458   0.0000   0.1717
 -19.600  -1.4959   0.03102   0.02819  -0.0764  1.0000  0.0049  -22.4278   0.0000   0.1721
 -19.500  -1.4949   0.03042   0.02757  -0.0761  1.0000  0.0049  -22.3050   0.0000   0.1725
 -19.400  -1.4937   0.02984   0.02697  -0.0758  1.0000  0.0049  -22.1772   0.0000   0.1729
 -19.300  -1.4930   0.02924   0.02635  -0.0755  1.0000  0.0049  -22.0580   0.0000   0.1733
 -19.200  -1.4934   0.02856   0.02566  -0.0751  1.0000  0.0049  -21.9546   0.0000   0.1738
 -19.100  -1.5022   0.02739   0.02446  -0.0745  1.0000  0.0049  -21.9672   0.0000   0.1748
 -19.000  -1.5012   0.02686   0.02390  -0.0741  1.0000  0.0049  -21.8418   0.0000   0.1753
 -18.900  -1.4999   0.02634   0.02337  -0.0736  1.0000  0.0049  -21.7130   0.0000   0.1757
 -18.800  -1.4985   0.02583   0.02285  -0.0732  1.0000  0.0049  -21.5834   0.0000   0.1762
 -18.700  -1.4973   0.02532   0.02232  -0.0727  1.0000  0.0049  -21.4565   0.0000   0.1767
 -18.600  -1.4971   0.02477   0.02176  -0.0722  1.0000  0.0049  -21.3414   0.0000   0.1773
 -18.500  -1.5043   0.02386   0.02081  -0.0712  1.0000  0.0049  -21.3268   0.0000   0.1784
 -18.400  -1.5029   0.02339   0.02033  -0.0707  1.0000  0.0049  -21.1970   0.0000   0.1790
 -18.300  -1.5012   0.02296   0.01988  -0.0701  1.0000  0.0049  -21.0620   0.0000   0.1795
 -18.200  -1.4995   0.02253   0.01944  -0.0695  1.0000  0.0049  -20.9268   0.0000   0.1801
 -18.100  -1.4980   0.02210   0.01900  -0.0689  1.0000  0.0049  -20.7947   0.0000   0.1806
 -18.000  -1.4973   0.02165   0.01853  -0.0682  1.0000  0.0049  -20.6744   0.0000   0.1813
 -17.900  -1.5028   0.02097   0.01782  -0.0670  1.0000  0.0049  -20.6327   0.0000   0.1825
 -17.800  -1.5013   0.02059   0.01743  -0.0663  1.0000  0.0049  -20.5004   0.0000   0.1831
 -17.700  -1.4993   0.02024   0.01706  -0.0656  1.0000  0.0049  -20.3613   0.0000   0.1837
 -17.600  -1.4973   0.01990   0.01671  -0.0649  1.0000  0.0049  -20.2232   0.0000   0.1844
 -17.500  -1.4957   0.01956   0.01636  -0.0641  1.0000  0.0049  -20.0903   0.0000   0.1851
 -17.400  -1.4957   0.01919   0.01597  -0.0631  1.0000  0.0049  -19.9775   0.0000   0.1859
 -17.300  -1.4994   0.01871   0.01547  -0.0618  1.0000  0.0049  -19.9093   0.0000   0.1871
 -17.200  -1.4971   0.01840   0.01515  -0.0610  1.0000  0.0049  -19.7681   0.0000   0.1878
 -17.100  -1.4950   0.01810   0.01483  -0.0601  1.0000  0.0049  -19.6278   0.0000   0.1885
 -17.000  -1.4932   0.01780   0.01451  -0.0592  1.0000  0.0049  -19.4921   0.0000   0.1892
 -16.900  -1.4926   0.01747   0.01417  -0.0581  1.0000  0.0049  -19.3715   0.0000   0.1901
 -16.800  -1.4960   0.01708   0.01376  -0.0566  1.0000  0.0049  -19.2987   0.0000   0.1914
 -16.700  -1.4940   0.01682   0.01348  -0.0556  1.0000  0.0049  -19.1608   0.0000   0.1923
 -16.600  -1.4921   0.01656   0.01321  -0.0545  1.0000  0.0050  -19.0239   0.0000   0.1931
 -16.500  -1.4910   0.01630   0.01294  -0.0534  1.0000  0.0050  -18.8971   0.0000   0.1940
 -16.400  -1.4936   0.01601   0.01263  -0.0517  1.0000  0.0050  -18.8125   0.0000   0.1954
 -16.300  -1.4942   0.01576   0.01237  -0.0502  1.0000  0.0050  -18.7046   0.0000   0.1966
 -16.200  -1.4935   0.01555   0.01215  -0.0488  1.0000  0.0050  -18.5819   0.0000   0.1977
 -16.100  -1.4963   0.01535   0.01193  -0.0468  1.0000  0.0050  -18.4985   0.0000   0.1993
 -16.000  -1.5091   0.01521   0.01176  -0.0429  1.0000  0.0050  -18.5271   0.0000   0.2023
 -15.900  -1.5142   0.01510   0.01163  -0.0402  1.0000  0.0050  -18.4667   0.0000   0.2043
 -15.800  -1.5095   0.01493   0.01145  -0.0394  1.0000  0.0050  -18.2984   0.0000   0.2050
 -15.700  -1.5043   0.01476   0.01127  -0.0386  1.0000  0.0050  -18.1241   0.0000   0.2056
 -15.600  -1.4986   0.01460   0.01110  -0.0379  1.0000  0.0050  -17.9450   0.0000   0.2061
 -15.500  -1.4924   0.01443   0.01092  -0.0372  1.0000  0.0050  -17.7621   0.0000   0.2066
 -15.400  -1.4860   0.01427   0.01075  -0.0366  1.0000  0.0050  -17.5760   0.0000   0.2071
 -15.300  -1.4792   0.01411   0.01059  -0.0361  1.0000  0.0050  -17.3874   0.0000   0.2076
 -15.200  -1.4721   0.01395   0.01042  -0.0356  1.0000  0.0050  -17.1966   0.0000   0.2080
 -15.100  -1.4648   0.01379   0.01026  -0.0351  1.0000  0.0050  -17.0041   0.0000   0.2083
 -15.000  -1.4572   0.01364   0.01009  -0.0347  1.0000  0.0050  -16.8101   0.0000   0.2087
 -14.900  -1.4495   0.01348   0.00993  -0.0343  1.0000  0.0050  -16.6149   0.0000   0.2090
 -14.800  -1.4415   0.01333   0.00978  -0.0339  1.0000  0.0050  -16.4187   0.0000   0.2093
 -14.700  -1.4329   0.01319   0.00962  -0.0337  0.9907  0.0050  -16.2158   0.0000   0.2095
 -14.600  -1.4237   0.01305   0.00946  -0.0336  0.9786  0.0050  -16.0089   0.0000   0.2097
 -14.500  -1.4148   0.01291   0.00930  -0.0334  0.9646  0.0050  -15.8062   0.0000   0.2098
 -14.400  -1.4061   0.01277   0.00915  -0.0331  0.9511  0.0050  -15.6063   0.0000   0.2100
 -14.300  -1.3976   0.01263   0.00900  -0.0328  0.9485  0.0050  -15.4096   0.0000   0.2103
 -14.200  -1.3892   0.01249   0.00885  -0.0325  0.9457  0.0050  -15.2146   0.0000   0.2105
 -14.100  -1.3812   0.01236   0.00867  -0.0321  0.9396  0.0051  -15.0264   0.0000   0.2109
 -14.000  -1.3730   0.01225   0.00854  -0.0317  0.9299  0.0051  -14.8360   0.0000   0.2112
 -13.900  -1.3645   0.01214   0.00840  -0.0313  0.9201  0.0051  -14.6433   0.0000   0.2115
 -13.800  -1.3557   0.01203   0.00827  -0.0311  0.9104  0.0051  -14.4481   0.0000   0.2117
 -13.700  -1.3466   0.01191   0.00813  -0.0308  0.9021  0.0051  -14.2515   0.0000   0.2119
 -13.600  -1.3372   0.01178   0.00799  -0.0307  0.8997  0.0051  -14.0540   0.0000   0.2120
 -13.500  -1.3278   0.01166   0.00786  -0.0305  0.8988  0.0051  -13.8567   0.0000   0.2122
 -13.400  -1.3183   0.01153   0.00774  -0.0304  0.8978  0.0051  -13.6601   0.0000   0.2123
 -13.300  -1.3087   0.01141   0.00761  -0.0302  0.8962  0.0051  -13.4642   0.0000   0.2124
 -13.200  -1.2992   0.01130   0.00748  -0.0301  0.8935  0.0051  -13.2694   0.0000   0.2125
 -13.100  -1.2896   0.01119   0.00736  -0.0299  0.8893  0.0051  -13.0759   0.0000   0.2126
 -13.000  -1.2801   0.01109   0.00724  -0.0297  0.8838  0.0051  -12.8837   0.0000   0.2127
 -12.900  -1.2705   0.01099   0.00712  -0.0296  0.8779  0.0051  -12.6922   0.0000   0.2128
 -12.800  -1.2608   0.01089   0.00700  -0.0295  0.8717  0.0051  -12.5009   0.0000   0.2129
 -12.700  -1.2509   0.01079   0.00688  -0.0293  0.8651  0.0051  -12.3097   0.0000   0.2130
 -12.600  -1.2410   0.01068   0.00677  -0.0293  0.8580  0.0051  -12.1189   0.0000   0.2130
 -12.500  -1.2310   0.01058   0.00665  -0.0292  0.8515  0.0051  -11.9378   0.0000   0.2131
 -12.400  -1.2208   0.01047   0.00654  -0.0291  0.8498  0.0052  -11.8011   0.0000   0.2131
 -12.300  -1.2107   0.01036   0.00643  -0.0290  0.8489  0.0052  -11.6648   0.0000   0.2131
 -12.200  -1.2005   0.01026   0.00632  -0.0290  0.8478  0.0052  -11.5288   0.0000   0.2131
 -12.100  -1.1902   0.01016   0.00621  -0.0289  0.8459  0.0052  -11.3934   0.0000   0.2131
 -12.000  -1.1800   0.01007   0.00610  -0.0289  0.8422  0.0052  -11.2586   0.0000   0.2131
 -11.900  -1.1698   0.00998   0.00600  -0.0288  0.8366  0.0052  -11.1244   0.0000   0.2130
 -11.800  -1.1595   0.00990   0.00589  -0.0288  0.8302  0.0052  -10.9907   0.0000   0.2130
 -11.700  -1.1492   0.00981   0.00579  -0.0287  0.8236  0.0052  -10.8571   0.0000   0.2130
 -11.600  -1.1387   0.00972   0.00569  -0.0287  0.8170  0.0052  -10.7236   0.0000   0.2129
 -11.500  -1.1282   0.00963   0.00559  -0.0287  0.8105  0.0052  -10.5905   0.0000   0.2128
 -11.400  -1.1177   0.00954   0.00549  -0.0287  0.8045  0.0052  -10.4579   0.0000   0.2127
 -11.300  -1.1072   0.00945   0.00539  -0.0287  0.8005  0.0052  -10.3256   0.0000   0.2126
 -11.200  -1.0965   0.00936   0.00530  -0.0287  0.8000  0.0052  -10.1937   0.0000   0.2125
 -11.100  -1.0859   0.00927   0.00520  -0.0287  0.7996  0.0053  -10.0624   0.0000   0.2124
 -11.000  -1.0752   0.00918   0.00511  -0.0287  0.7990  0.0053  -9.9316   0.0000   0.2123
 -10.900  -1.0645   0.00909   0.00502  -0.0287  0.7984  0.0053  -9.8012   0.0000   0.2121
 -10.800  -1.0538   0.00900   0.00493  -0.0288  0.7976  0.0053  -9.6715   0.0000   0.2120
 -10.700  -1.0430   0.00892   0.00484  -0.0288  0.7965  0.0053  -9.5423   0.0000   0.2118
 -10.600  -1.0323   0.00883   0.00476  -0.0288  0.7948  0.0053  -9.4138   0.0000   0.2116
 -10.500  -1.0215   0.00876   0.00467  -0.0288  0.7916  0.0053  -9.2859   0.0000   0.2114
 -10.400  -1.0107   0.00869   0.00459  -0.0288  0.7875  0.0053  -9.1587   0.0000   0.2113
 -10.300  -0.9999   0.00862   0.00450  -0.0289  0.7825  0.0053  -9.0322   0.0000   0.2110
 -10.200  -0.9891   0.00855   0.00442  -0.0289  0.7771  0.0053  -8.9062   0.0000   0.2108
 -10.100  -0.9782   0.00848   0.00434  -0.0289  0.7714  0.0054  -8.7809   0.0000   0.2106
 -10.000  -0.9673   0.00842   0.00427  -0.0290  0.7653  0.0054  -8.6562   0.0000   0.2103
  -9.900  -0.9563   0.00835   0.00419  -0.0290  0.7589  0.0053  -8.5327   0.0000   0.2101
  -9.800  -0.9452   0.00830   0.00412  -0.0291  0.7529  0.0053  -8.4114   0.0000   0.2098
  -9.700  -0.9342   0.00822   0.00404  -0.0292  0.7502  0.0053  -8.2883   0.0000   0.2095
  -9.600  -0.9232   0.00815   0.00396  -0.0292  0.7497  0.0053  -8.1658   0.0000   0.2091
  -9.500  -0.9122   0.00807   0.00389  -0.0293  0.7491  0.0053  -8.0440   0.0000   0.2088
  -9.400  -0.9011   0.00800   0.00382  -0.0293  0.7484  0.0053  -7.9228   0.0000   0.2085
  -9.300  -0.8900   0.00793   0.00375  -0.0294  0.7475  0.0053  -7.8022   0.0000   0.2081
  -9.200  -0.8790   0.00786   0.00368  -0.0295  0.7465  0.0053  -7.6824   0.0000   0.2077
  -9.100  -0.8679   0.00779   0.00361  -0.0295  0.7450  0.0053  -7.5632   0.0000   0.2073
  -9.000  -0.8568   0.00773   0.00354  -0.0296  0.7426  0.0053  -7.4448   0.0000   0.2069
  -8.900  -0.8457   0.00767   0.00347  -0.0297  0.7397  0.0054  -7.3271   0.0000   0.2065
  -8.800  -0.8345   0.00761   0.00340  -0.0297  0.7363  0.0054  -7.2101   0.0000   0.2061
  -8.700  -0.8234   0.00756   0.00334  -0.0298  0.7326  0.0054  -7.0938   0.0000   0.2056
  -8.600  -0.8122   0.00750   0.00327  -0.0299  0.7289  0.0054  -6.9782   0.0000   0.2051
  -8.500  -0.8010   0.00744   0.00321  -0.0300  0.7251  0.0054  -6.8632   0.0000   0.2046
  -8.400  -0.7898   0.00739   0.00314  -0.0300  0.7212  0.0055  -6.7485   0.0000   0.2041
  -8.300  -0.7786   0.00733   0.00308  -0.0301  0.7172  0.0055  -6.6337   0.0000   0.2035
  -8.200  -0.7674   0.00727   0.00302  -0.0302  0.7131  0.0057  -6.5189   0.0000   0.2030
  -8.100  -0.7562   0.00721   0.00296  -0.0303  0.7087  0.0058  -6.4039   0.0000   0.2024
  -8.000  -0.7449   0.00715   0.00290  -0.0304  0.7042  0.0059  -6.2891   0.0000   0.2017
  -7.900  -0.7336   0.00709   0.00285  -0.0305  0.7006  0.0060  -6.1743   0.0000   0.2011
  -7.800  -0.7223   0.00703   0.00279  -0.0306  0.7001  0.0061  -6.0599   0.0000   0.2004
  -7.700  -0.7110   0.00698   0.00274  -0.0307  0.6997  0.0062  -5.9457   0.0000   0.1997
  -7.600  -0.6996   0.00692   0.00270  -0.0308  0.6992  0.0063  -5.8320   0.0000   0.1989
  -7.500  -0.6883   0.00687   0.00265  -0.0309  0.6987  0.0063  -5.7186   0.0000   0.1981
  -7.400  -0.6769   0.00683   0.00261  -0.0310  0.6979  0.0064  -5.6051   0.0000   0.1973
  -7.300  -0.6655   0.00679   0.00257  -0.0311  0.6968  0.0065  -5.4912   0.0000   0.1965
  -7.200  -0.6541   0.00675   0.00254  -0.0312  0.6948  0.0066  -5.3766   0.0000   0.1956
  -7.100  -0.6428   0.00673   0.00251  -0.0313  0.6909  0.0067  -5.2597   0.0000   0.1947
  -7.000  -0.6314   0.00673   0.00251  -0.0314  0.6862  0.0069  -5.1344   0.0000   0.1937
  -6.900  -0.6197   0.00684   0.00268  -0.0316  0.6812  0.0073  -4.9301   0.0000   0.1925
  -6.800  -0.6074   0.00721   0.00321  -0.0319  0.6764  0.0077  -4.6365   0.0000   0.1911
  -6.700  -0.5960   0.00720   0.00321  -0.0320  0.6723  0.0078  -4.5216   0.0000   0.1900
  -6.600  -0.5845   0.00719   0.00321  -0.0321  0.6682  0.0078  -4.4072   0.0000   0.1888
  -6.500  -0.5731   0.00719   0.00322  -0.0322  0.6641  0.0078  -4.2933   0.0000   0.1876
  -6.400  -0.5616   0.00719   0.00323  -0.0323  0.6599  0.0079  -4.1797   0.0000   0.1863
  -6.300  -0.5501   0.00719   0.00324  -0.0325  0.6557  0.0079  -4.0662   0.0000   0.1849
  -6.200  -0.5385   0.00720   0.00327  -0.0326  0.6521  0.0079  -3.9523   0.0000   0.1835
  -6.100  -0.5270   0.00721   0.00330  -0.0327  0.6503  0.0080  -3.8373   0.0000   0.1819
  -6.000  -0.5154   0.00725   0.00335  -0.0329  0.6500  0.0080  -3.7195   0.0000   0.1803
  -5.900  -0.5036   0.00732   0.00345  -0.0330  0.6496  0.0081  -3.5944   0.0000   0.1786
  -5.200  -0.4244   0.00667   0.00273  -0.0337  0.6436  0.0081  -3.0502   0.0000   0.1652
   0.900   0.2740   0.00679   0.00105  -0.0404  0.0234  0.0100  -0.5439   0.0000   0.3956
   1.000   0.2855   0.00680   0.00106  -0.0405  0.0232  0.0097  -0.5512   0.0000   0.3899
   1.100   0.2970   0.00681   0.00107  -0.0406  0.0230  0.0094  -0.5595   0.0000   0.3847
   1.200   0.3085   0.00682   0.00108  -0.0407  0.0228  0.0092  -0.5678   0.0000   0.3799
   1.300   0.3200   0.00683   0.00109  -0.0409  0.0226  0.0089  -0.5761   0.0000   0.3754
   1.400   0.3315   0.00684   0.00110  -0.0410  0.0225  0.0087  -0.5844   0.0000   0.3712
   1.700   0.3656   0.00696   0.00117  -0.0412  0.0110  0.0104  -0.6352   0.0000   0.3602
   1.800   0.3770   0.00698   0.00118  -0.0413  0.0108  0.0116  -0.6882   0.0000   0.3570
   1.900   0.3885   0.00700   0.00120  -0.0414  0.0104  0.0123  -0.7420   0.0000   0.3539
   2.000   0.3999   0.00702   0.00122  -0.0415  0.0101  0.0130  -0.7966   0.0000   0.3511
   2.100   0.4113   0.00704   0.00124  -0.0416  0.0098  0.0150  -0.8519   0.0000   0.3484
   2.200   0.4228   0.00704   0.00125  -0.0417  0.0094  0.0249  -0.9077   0.0000   0.3458
   2.300   0.4342   0.00707   0.00127  -0.0418  0.0089  0.0253  -0.9643   0.0000   0.3434
   3.800   0.6061   0.00646   0.00169  -0.0440  0.0070  0.5059  -1.8372   0.0000   0.3187
   3.900   0.6175   0.00644   0.00172  -0.0441  0.0071  0.5321  -1.9042   0.0000   0.3174
   4.000   0.6288   0.00644   0.00176  -0.0442  0.0071  0.5466  -1.9719   0.0000   0.3163
   4.100   0.6401   0.00647   0.00181  -0.0443  0.0071  0.5520  -2.0404   0.0000   0.3151
   4.200   0.6514   0.00648   0.00185  -0.0444  0.0072  0.5791  -2.1095   0.0000   0.3139
   4.300   0.6627   0.00647   0.00190  -0.0445  0.0072  0.5942  -2.1792   0.0000   0.3128
   4.400   0.6740   0.00651   0.00194  -0.0446  0.0073  0.5969  -2.2497   0.0000   0.3117
   4.500   0.6853   0.00655   0.00199  -0.0447  0.0073  0.5984  -2.3209   0.0000   0.3107
   4.600   0.6965   0.00660   0.00204  -0.0447  0.0074  0.5995  -2.3928   0.0000   0.3096
   4.700   0.7078   0.00665   0.00210  -0.0448  0.0074  0.6039  -2.4653   0.0000   0.3086
   4.800   0.7190   0.00669   0.00215  -0.0448  0.0075  0.6114  -2.5385   0.0000   0.3076
   5.100   0.7528   0.00671   0.00210  -0.0453  0.0064  0.6307  -2.8894   0.0000   0.3051
   5.200   0.7640   0.00674   0.00214  -0.0453  0.0064  0.6364  -2.9731   0.0000   0.3042
   5.300   0.7752   0.00677   0.00218  -0.0454  0.0064  0.6410  -3.0563   0.0000   0.3034
   5.400   0.7864   0.00681   0.00222  -0.0455  0.0064  0.6442  -3.1395   0.0000   0.3025
   5.500   0.7976   0.00686   0.00226  -0.0455  0.0064  0.6458  -3.2230   0.0000   0.3017
   5.600   0.8088   0.00690   0.00231  -0.0456  0.0064  0.6467  -3.3070   0.0000   0.3009
   5.700   0.8199   0.00695   0.00235  -0.0457  0.0063  0.6474  -3.3916   0.0000   0.3001
   5.900   0.8421   0.00707   0.00248  -0.0457  0.0064  0.6484  -3.5291   0.0000   0.2985
   6.000   0.8532   0.00713   0.00254  -0.0458  0.0064  0.6488  -3.6088   0.0000   0.2978
   6.100   0.8643   0.00718   0.00259  -0.0458  0.0064  0.6492  -3.6898   0.0000   0.2970
   6.200   0.8754   0.00724   0.00265  -0.0458  0.0064  0.6495  -3.7719   0.0000   0.2963
   6.300   0.8864   0.00730   0.00272  -0.0459  0.0064  0.6509  -3.8549   0.0000   0.2956
   6.400   0.8974   0.00736   0.00278  -0.0459  0.0064  0.6548  -3.9386   0.0000   0.2949
   6.500   0.9084   0.00741   0.00284  -0.0459  0.0065  0.6594  -4.0230   0.0000   0.2942
   6.600   0.9194   0.00747   0.00291  -0.0459  0.0065  0.6639  -4.1081   0.0000   0.2935
   6.700   0.9304   0.00753   0.00297  -0.0460  0.0065  0.6684  -4.1939   0.0000   0.2928
   6.800   0.9413   0.00759   0.00304  -0.0460  0.0065  0.6727  -4.2804   0.0000   0.2922
   6.900   0.9522   0.00765   0.00311  -0.0460  0.0065  0.6771  -4.3676   0.0000   0.2915
   7.000   0.9631   0.00771   0.00318  -0.0460  0.0065  0.6819  -4.4557   0.0000   0.2909
   7.100   0.9740   0.00776   0.00325  -0.0460  0.0065  0.6870  -4.5446   0.0000   0.2902
   7.200   0.9854   0.00773   0.00318  -0.0462  0.0064  0.6917  -4.7021   0.0000   0.2898
   7.300   0.9964   0.00776   0.00321  -0.0463  0.0063  0.6949  -4.8127   0.0000   0.2892
   7.400   1.0073   0.00782   0.00327  -0.0463  0.0063  0.6965  -4.9121   0.0000   0.2886
   7.500   1.0182   0.00788   0.00333  -0.0463  0.0063  0.6975  -5.0099   0.0000   0.2880
   7.600   1.0290   0.00794   0.00339  -0.0463  0.0063  0.6982  -5.1073   0.0000   0.2874
   7.700   1.0398   0.00800   0.00345  -0.0463  0.0063  0.6988  -5.2048   0.0000   0.2868
   7.800   1.0506   0.00807   0.00351  -0.0463  0.0063  0.6993  -5.3026   0.0000   0.2862
   7.900   1.0614   0.00813   0.00358  -0.0463  0.0063  0.7000  -5.4010   0.0000   0.2857
   8.000   1.0722   0.00820   0.00364  -0.0463  0.0063  0.7043  -5.4998   0.0000   0.2851
   8.100   1.0829   0.00826   0.00371  -0.0463  0.0063  0.7094  -5.5993   0.0000   0.2845
   8.200   1.0936   0.00833   0.00378  -0.0463  0.0063  0.7143  -5.6994   0.0000   0.2840
   8.300   1.1043   0.00839   0.00385  -0.0463  0.0063  0.7189  -5.8002   0.0000   0.2834
   8.400   1.1150   0.00846   0.00392  -0.0463  0.0063  0.7231  -5.9017   0.0000   0.2829
   8.500   1.1256   0.00852   0.00399  -0.0463  0.0063  0.7272  -6.0039   0.0000   0.2824
   8.600   1.1363   0.00858   0.00406  -0.0463  0.0063  0.7311  -6.1069   0.0000   0.2818
   8.700   1.1468   0.00865   0.00414  -0.0462  0.0063  0.7350  -6.2106   0.0000   0.2813
   8.800   1.1574   0.00871   0.00421  -0.0462  0.0063  0.7387  -6.3151   0.0000   0.2808
   8.900   1.1680   0.00878   0.00428  -0.0462  0.0063  0.7418  -6.4203   0.0000   0.2803
   9.000   1.1785   0.00885   0.00436  -0.0461  0.0063  0.7442  -6.5264   0.0000   0.2797
   9.100   1.1890   0.00892   0.00443  -0.0461  0.0063  0.7457  -6.6332   0.0000   0.2792
   9.200   1.1994   0.00900   0.00451  -0.0460  0.0063  0.7467  -6.7409   0.0000   0.2787
   9.300   1.2098   0.00907   0.00458  -0.0460  0.0063  0.7475  -6.8493   0.0000   0.2782
   9.400   1.2203   0.00915   0.00466  -0.0459  0.0063  0.7483  -6.9585   0.0000   0.2777
   9.500   1.2306   0.00922   0.00474  -0.0459  0.0063  0.7489  -7.0685   0.0000   0.2772
   9.600   1.2410   0.00930   0.00481  -0.0458  0.0062  0.7494  -7.1793   0.0000   0.2767
   9.700   1.2513   0.00938   0.00489  -0.0458  0.0062  0.7533  -7.2909   0.0000   0.2762
   9.800   1.2616   0.00945   0.00497  -0.0457  0.0062  0.7601  -7.4032   0.0000   0.2757
   9.900   1.2719   0.00952   0.00505  -0.0456  0.0062  0.7668  -7.5163   0.0000   0.2752
  10.000   1.2822   0.00960   0.00513  -0.0456  0.0062  0.7733  -7.6300   0.0000   0.2747
  10.100   1.2913   0.00978   0.00538  -0.0453  0.0063  0.7793  -7.6871   0.0000   0.2741
  10.200   1.3000   0.00999   0.00566  -0.0449  0.0064  0.7850  -7.7405   0.0000   0.2734
  10.300   1.3093   0.01014   0.00585  -0.0446  0.0064  0.7898  -7.8273   0.0000   0.2728
  10.400   1.3189   0.01026   0.00600  -0.0444  0.0064  0.7937  -7.9253   0.0000   0.2723
  10.500   1.3285   0.01037   0.00612  -0.0442  0.0064  0.7959  -8.0307   0.0000   0.2718
  10.600   1.3383   0.01047   0.00623  -0.0441  0.0064  0.7974  -8.1413   0.0000   0.2712
  10.700   1.3481   0.01056   0.00633  -0.0439  0.0064  0.7984  -8.2560   0.0000   0.2707
  10.800   1.3579   0.01065   0.00641  -0.0438  0.0064  0.7992  -8.3740   0.0000   0.2702
  10.900   1.3678   0.01073   0.00649  -0.0437  0.0063  0.8020  -8.4945   0.0000   0.2698
  11.000   1.3777   0.01080   0.00657  -0.0436  0.0063  0.8095  -8.6171   0.0000   0.2693
  11.100   1.3876   0.01087   0.00664  -0.0434  0.0063  0.8175  -8.7414   0.0000   0.2688
  11.200   1.3975   0.01094   0.00670  -0.0433  0.0063  0.8249  -8.8670   0.0000   0.2683
  11.300   1.4074   0.01099   0.00677  -0.0432  0.0063  0.8320  -8.9935   0.0000   0.2679
  11.400   1.4171   0.01105   0.00684  -0.0430  0.0063  0.8384  -9.1206   0.0000   0.2674
  11.500   1.4269   0.01112   0.00691  -0.0429  0.0063  0.8432  -9.2483   0.0000   0.2669
  11.600   1.4365   0.01119   0.00698  -0.0427  0.0063  0.8459  -9.3766   0.0000   0.2664
  11.700   1.4462   0.01126   0.00705  -0.0426  0.0063  0.8474  -9.5054   0.0000   0.2660
  11.800   1.4558   0.01133   0.00712  -0.0424  0.0062  0.8484  -9.6345   0.0000   0.2655
  11.900   1.4654   0.01141   0.00719  -0.0422  0.0062  0.8492  -9.7638   0.0000   0.2650
  12.000   1.4749   0.01149   0.00727  -0.0420  0.0062  0.8509  -9.8931   0.0000   0.2645
  12.100   1.4842   0.01157   0.00734  -0.0418  0.0062  0.8571  -10.0223   0.0000   0.2640
  12.200   1.4935   0.01164   0.00742  -0.0416  0.0062  0.8642  -10.1905   0.0000   0.2635
  12.300   1.5027   0.01172   0.00750  -0.0414  0.0061  0.8712  -10.3637   0.0000   0.2630
  12.400   1.5117   0.01179   0.00759  -0.0411  0.0061  0.8780  -10.5368   0.0000   0.2625
  12.500   1.5206   0.01186   0.00767  -0.0408  0.0061  0.8851  -10.7096   0.0000   0.2620
  12.600   1.5293   0.01194   0.00776  -0.0405  0.0061  0.8915  -10.8826   0.0000   0.2614
  12.700   1.5380   0.01202   0.00786  -0.0401  0.0060  0.8963  -11.0565   0.0000   0.2609
  12.800   1.5467   0.01212   0.00795  -0.0398  0.0060  0.8989  -11.2314   0.0000   0.2604
  12.900   1.5552   0.01220   0.00805  -0.0394  0.0060  0.9071  -11.4057   0.0000   0.2598
  13.000   1.5631   0.01228   0.00814  -0.0390  0.0059  0.9218  -11.5761   0.0000   0.2592
  13.100   1.5704   0.01235   0.00824  -0.0383  0.0059  0.9352  -11.7417   0.0000   0.2585
  13.200   1.5777   0.01243   0.00833  -0.0377  0.0059  0.9432  -11.9087   0.0000   0.2579
  13.300   1.5854   0.01253   0.00843  -0.0373  0.0058  0.9460  -12.0809   0.0000   0.2573
  13.400   1.5932   0.01263   0.00853  -0.0368  0.0058  0.9474  -12.2545   0.0000   0.2567
  13.500   1.6009   0.01274   0.00864  -0.0363  0.0057  0.9485  -12.4280   0.0000   0.2561
  13.600   1.6084   0.01285   0.00875  -0.0358  0.0057  0.9495  -12.6007   0.0000   0.2554
  13.700   1.6156   0.01297   0.00887  -0.0352  0.0056  0.9538  -12.7722   0.0000   0.2548
  13.800   1.6226   0.01309   0.00899  -0.0346  0.0055  0.9654  -12.9418   0.0000   0.2542
  13.900   1.6292   0.01322   0.00912  -0.0339  0.0054  0.9782  -13.1087   0.0000   0.2535
  14.000   1.6354   0.01336   0.00926  -0.0332  0.0052  0.9915  -13.2726   0.0000   0.2528
  14.100   1.6407   0.01351   0.00942  -0.0323  0.0051  1.0000  -13.4283   0.0000   0.2520
  14.200   1.6426   0.01366   0.00956  -0.0308  0.0050  1.0000  -13.5515   0.0000   0.2509
  14.300   1.6326   0.01374   0.00966  -0.0269  0.0049  1.0000  -13.5610   0.0000   0.2485
  14.400   1.6330   0.01389   0.00981  -0.0251  0.0048  1.0000  -13.6699   0.0000   0.2472
  14.500   1.6351   0.01405   0.00998  -0.0236  0.0047  1.0000  -13.7959   0.0000   0.2462
  14.600   1.6379   0.01422   0.01015  -0.0224  0.0045  1.0000  -13.9297   0.0000   0.2452
  14.700   1.6402   0.01442   0.01038  -0.0210  0.0042  1.0000  -14.0566   0.0000   0.2442
  14.800   1.6410   0.01460   0.01057  -0.0195  0.0042  1.0000  -14.1707   0.0000   0.2430
  14.900   1.6395   0.01482   0.01081  -0.0176  0.0041  1.0000  -14.2620   0.0000   0.2417
  15.000   1.6419   0.01501   0.01101  -0.0163  0.0041  1.0000  -14.3925   0.0000   0.2408
  15.100   1.6452   0.01521   0.01121  -0.0153  0.0041  1.0000  -14.5330   0.0000   0.2399
  15.200   1.6489   0.01540   0.01141  -0.0143  0.0041  1.0000  -14.6777   0.0000   0.2391
  15.300   1.6527   0.01560   0.01162  -0.0133  0.0041  1.0000  -14.8242   0.0000   0.2383
  15.400   1.6565   0.01580   0.01183  -0.0124  0.0041  1.0000  -14.9713   0.0000   0.2376
  15.500   1.6546   0.01609   0.01214  -0.0106  0.0041  1.0000  -15.0595   0.0000   0.2364
  15.600   1.6554   0.01636   0.01242  -0.0094  0.0041  1.0000  -15.1761   0.0000   0.2354
  15.700   1.6583   0.01660   0.01267  -0.0084  0.0041  1.0000  -15.3143   0.0000   0.2346
  15.800   1.6617   0.01683   0.01292  -0.0074  0.0041  1.0000  -15.4590   0.0000   0.2338
  15.900   1.6654   0.01705   0.01315  -0.0066  0.0041  1.0000  -15.6065   0.0000   0.2331
  16.000   1.6691   0.01727   0.01337  -0.0057  0.0041  1.0000  -15.7551   0.0000   0.2324
  16.100   1.6727   0.01750   0.01361  -0.0049  0.0041  1.0000  -15.9036   0.0000   0.2317
  16.200   1.6746   0.01778   0.01390  -0.0039  0.0041  1.0000  -16.0332   0.0000   0.2309
  16.300   1.6714   0.01820   0.01435  -0.0023  0.0041  1.0000  -16.1076   0.0000   0.2298
  16.400   1.6736   0.01851   0.01467  -0.0014  0.0040  1.0000  -16.2406   0.0000   0.2290
  16.500   1.6766   0.01880   0.01497  -0.0005  0.0040  1.0000  -16.3838   0.0000   0.2283
  16.600   1.6800   0.01909   0.01526   0.0002  0.0040  1.0000  -16.5308   0.0000   0.2276
  16.700   1.6834   0.01938   0.01557   0.0010  0.0040  1.0000  -16.6793   0.0000   0.2270
  16.800   1.6868   0.01968   0.01587   0.0017  0.0040  1.0000  -16.8281   0.0000   0.2264
  16.900   1.6901   0.01998   0.01619   0.0025  0.0040  1.0000  -16.9760   0.0000   0.2257
  17.000   1.6871   0.02052   0.01675   0.0038  0.0040  1.0000  -17.0520   0.0000   0.2247
  17.100   1.6867   0.02099   0.01723   0.0048  0.0040  1.0000  -17.1580   0.0000   0.2239
  17.200   1.6890   0.02136   0.01762   0.0055  0.0040  1.0000  -17.2951   0.0000   0.2233
  17.300   1.6919   0.02172   0.01799   0.0062  0.0040  1.0000  -17.4394   0.0000   0.2227
  17.400   1.6949   0.02207   0.01835   0.0069  0.0040  1.0000  -17.5865   0.0000   0.2221
  17.500   1.6981   0.02243   0.01872   0.0075  0.0040  1.0000  -17.7344   0.0000   0.2215
  17.600   1.7011   0.02279   0.01909   0.0081  0.0040  1.0000  -17.8818   0.0000   0.2209
  17.700   1.7040   0.02317   0.01948   0.0088  0.0040  1.0000  -18.0278   0.0000   0.2203
  17.800   1.6993   0.02391   0.02024   0.0099  0.0040  1.0000  -18.0835   0.0000   0.2194
  17.900   1.6987   0.02448   0.02083   0.0107  0.0040  1.0000  -18.1878   0.0000   0.2187
  18.000   1.7007   0.02493   0.02129   0.0114  0.0040  1.0000  -18.3235   0.0000   0.2181
  18.100   1.7033   0.02535   0.02173   0.0119  0.0040  1.0000  -18.4663   0.0000   0.2176
  18.200   1.7060   0.02578   0.02217   0.0124  0.0040  1.0000  -18.6116   0.0000   0.2171
  18.300   1.7088   0.02620   0.02260   0.0130  0.0040  1.0000  -18.7573   0.0000   0.2166
  18.400   1.7114   0.02662   0.02304   0.0135  0.0040  1.0000  -18.9021   0.0000   0.2160
  18.500   1.7138   0.02705   0.02348   0.0140  0.0040  1.0000  -19.0446   0.0000   0.2155
  18.600   1.7141   0.02762   0.02407   0.0146  0.0040  1.0000  -19.1608   0.0000   0.2150
  18.700   1.7066   0.02870   0.02518   0.0155  0.0040  1.0000  -19.1787   0.0000   0.2141
  18.800   1.7082   0.02925   0.02574   0.0160  0.0040  1.0000  -19.3098   0.0000   0.2136
  18.900   1.7103   0.02976   0.02626   0.0164  0.0039  1.0000  -19.4491   0.0000   0.2132
  19.000   1.7127   0.03027   0.02679   0.0168  0.0039  1.0000  -19.5920   0.0000   0.2127
  19.100   1.7151   0.03079   0.02732   0.0172  0.0039  1.0000  -19.7352   0.0000   0.2123
  19.200   1.7174   0.03132   0.02786   0.0176  0.0039  1.0000  -19.8773   0.0000   0.2118
  19.300   1.7194   0.03187   0.02842   0.0179  0.0039  1.0000  -20.0168   0.0000   0.2114
  19.400   1.7212   0.03245   0.02902   0.0183  0.0039  1.0000  -20.1525   0.0000   0.2109
  19.500   1.7106   0.03399   0.03060   0.0189  0.0039  1.0000  -20.1256   0.0000   0.2103
  19.600   1.7114   0.03469   0.03131   0.0192  0.0039  1.0000  -20.2479   0.0000   0.2098
  19.700   1.7131   0.03532   0.03196   0.0195  0.0039  1.0000  -20.3822   0.0000   0.2094
  19.800   1.7150   0.03594   0.03259   0.0198  0.0039  1.0000  -20.5201   0.0000   0.2090
  19.900   1.7170   0.03656   0.03322   0.0200  0.0039  1.0000  -20.6585   0.0000   0.2087
  20.000   1.7189   0.03718   0.03386   0.0203  0.0039  1.0000  -20.7977   0.0000   0.2083
  20.100   1.7206   0.03783   0.03453   0.0205  0.0039  1.0000  -20.9330   0.0000   0.2079
  20.200   1.7220   0.03853   0.03524   0.0207  0.0039  1.0000  -21.0647   0.0000   0.2076
  20.400   1.7098   0.04133   0.03811   0.0210  0.0039  1.0000  -21.1196   0.0000   0.2068
  20.500   1.7109   0.04209   0.03888   0.0211  0.0039  1.0000  -21.2461   0.0000   0.2065
  20.600   1.7124   0.04282   0.03962   0.0212  0.0039  1.0000  -21.3783   0.0000   0.2061
  20.700   1.7140   0.04354   0.04036   0.0213  0.0039  1.0000  -21.5126   0.0000   0.2058
  20.800   1.7155   0.04429   0.04112   0.0214  0.0039  1.0000  -21.6451   0.0000   0.2055
  20.900   1.7167   0.04506   0.04191   0.0214  0.0039  1.0000  -21.7739   0.0000   0.2053
  21.000   1.7175   0.04588   0.04275   0.0214  0.0039  1.0000  -21.8968   0.0000   0.2050
  21.100   1.7172   0.04681   0.04370   0.0214  0.0039  1.0000  -22.0048   0.0000   0.2047
  21.500   1.7051   0.05191   0.04889   0.0207  0.0039  1.0000  -22.2677   0.0000   0.2039
  21.600   1.7060   0.05278   0.04978   0.0206  0.0039  1.0000  -22.3912   0.0000   0.2037
  21.700   1.7065   0.05370   0.05072   0.0205  0.0039  1.0000  -22.5096   0.0000   0.2035
  21.800   1.7065   0.05470   0.05173   0.0203  0.0039  1.0000  -22.6198   0.0000   0.2033
  21.900   1.7056   0.05580   0.05286   0.0201  0.0039  1.0000  -22.7162   0.0000   0.2032
  22.000   1.6877   0.05915   0.05626   0.0189  0.0039  1.0000  -22.5495   0.0000   0.2034
  22.100   1.6880   0.06018   0.05731   0.0186  0.0039  1.0000  -22.6622   0.0000   0.2033
  22.200   1.6885   0.06119   0.05834   0.0184  0.0039  1.0000  -22.7782   0.0000   0.2032
  22.300   1.6890   0.06221   0.05937   0.0181  0.0039  1.0000  -22.8930   0.0000   0.2031
  22.400   1.6891   0.06327   0.06046   0.0178  0.0039  1.0000  -23.0035   0.0000   0.2029
  22.500   1.6888   0.06441   0.06161   0.0175  0.0039  1.0000  -23.1059   0.0000   0.2029
  22.600   1.6880   0.06564   0.06286   0.0171  0.0039  1.0000  -23.2015   0.0000   0.2028
  22.700   1.6656   0.06996   0.06725   0.0150  0.0039  1.0000  -22.9465   0.0000   0.2035
  22.800   1.6651   0.07118   0.06849   0.0146  0.0039  1.0000  -23.0433   0.0000   0.2035
  22.900   1.6650   0.07236   0.06968   0.0141  0.0039  1.0000  -23.1467   0.0000   0.2035
  23.000   1.6649   0.07353   0.07088   0.0137  0.0038  1.0000  -23.2499   0.0000   0.2035
  23.100   1.6648   0.07473   0.07210   0.0132  0.0038  1.0000  -23.3531   0.0000   0.2035
  23.200   1.6643   0.07601   0.07339   0.0127  0.0038  1.0000  -23.4492   0.0000   0.2035
  23.300   1.6629   0.07742   0.07483   0.0120  0.0038  1.0000  -23.5295   0.0000   0.2035
  23.400   1.6595   0.07913   0.07656   0.0112  0.0038  1.0000  -23.5773   0.0000   0.2037
  23.500   1.6342   0.08432   0.08183   0.0083  0.0038  1.0000  -23.2469   0.0000   0.2050
  23.600   1.6338   0.08561   0.08313   0.0076  0.0038  1.0000  -23.3417   0.0000   0.2051
  23.700   1.6334   0.08691   0.08445   0.0069  0.0038  1.0000  -23.4352   0.0000   0.2052
  23.800   1.6326   0.08829   0.08585   0.0062  0.0038  1.0000  -23.5218   0.0000   0.2054
  23.900   1.6311   0.08981   0.08740   0.0054  0.0038  1.0000  -23.5942   0.0000   0.2056
  24.000   1.6278   0.09162   0.08923   0.0044  0.0038  1.0000  -23.6365   0.0000   0.2059
  24.200   1.0818   0.20742   0.20659  -0.0698  0.0039  1.0000  -11.9610   0.0000   0.2757
  24.300   1.0850   0.20815   0.20731  -0.0703  0.0039  1.0000  -12.0720   0.0000   0.2757
  24.400   1.0883   0.20888   0.20804  -0.0709  0.0039  1.0000  -12.1826   0.0000   0.2757
  24.500   1.0915   0.20961   0.20877  -0.0714  0.0039  1.0000  -12.2927   0.0000   0.2757
  24.600   1.0947   0.21035   0.20951  -0.0720  0.0039  1.0000  -12.4024   0.0000   0.2757
  24.700   1.0978   0.21109   0.21025  -0.0726  0.0039  1.0000  -12.5117   0.0000   0.2757
  24.800   1.1009   0.21184   0.21100  -0.0731  0.0039  1.0000  -12.6205   0.0000   0.2757
  24.900   1.1040   0.21259   0.21175  -0.0737  0.0039  1.0000  -12.7289   0.0000   0.2757
  25.000   1.1070   0.21335   0.21250  -0.0743  0.0039  1.0000  -12.8367   0.0000   0.2757
  25.100   1.1100   0.21411   0.21326  -0.0749  0.0039  1.0000  -12.9441   0.0000   0.2758
  25.200   1.1130   0.21488   0.21403  -0.0755  0.0039  1.0000  -13.0508   0.0000   0.2758
  25.300   1.1159   0.21565   0.21480  -0.0761  0.0039  1.0000  -13.1569   0.0000   0.2758
  25.400   1.1188   0.21643   0.21558  -0.0767  0.0039  1.0000  -13.2623   0.0000   0.2759
  25.500   1.1216   0.21722   0.21637  -0.0773  0.0038  1.0000  -13.3668   0.0000   0.2759
  25.600   1.1244   0.21801   0.21716  -0.0779  0.0038  1.0000  -13.4704   0.0000   0.2759
  25.700   1.1271   0.21881   0.21796  -0.0785  0.0038  1.0000  -13.5728   0.0000   0.2760
  25.800   1.1298   0.21963   0.21877  -0.0792  0.0038  1.0000  -13.6739   0.0000   0.2761
  25.900   1.1324   0.22045   0.21960  -0.0798  0.0038  1.0000  -13.7735   0.0000   0.2761
  26.000   1.1349   0.22129   0.22044  -0.0804  0.0038  1.0000  -13.8714   0.0000   0.2762
  26.100   1.1373   0.22211   0.22126  -0.0811  0.0038  1.0000  -13.9675   0.0000   0.2763
  26.200   1.1397   0.22290   0.22204  -0.0817  0.0038  1.0000  -14.0619   0.0000   0.2764
  26.300   1.1420   0.22365   0.22280  -0.0824  0.0038  1.0000  -14.1549   0.0000   0.2765
  26.400   1.1443   0.22438   0.22352  -0.0830  0.0038  1.0000  -14.2467   0.0000   0.2766
  26.500   1.1466   0.22507   0.22422  -0.0837  0.0038  1.0000  -14.3388   0.0000   0.2766
  26.600   1.1489   0.22573   0.22487  -0.0843  0.0038  1.0000  -14.4339   0.0000   0.2767
  26.700   1.1517   0.22628   0.22542  -0.0848  0.0038  1.0000  -14.5431   0.0000   0.2767
  26.800   1.1552   0.22669   0.22582  -0.0853  0.0038  1.0000  -14.6750   0.0000   0.2765
